Summary of : modules/cloudsim/src/main/java/org/cloudbus/cloudsim/serverless/Real_azure_workload.csv worklaod
=========== CONTAINER OUTPUT ==========
Container ID	VM ID	Start Time	Finish Time	Number of Requests Served
		1		1		3.02		24.02		3
		2		1		3.02		35.02		3
		3		1		3.02		35.02		2
		4		1		3.02		35.02		3
		5		1		3.02		24.02		3
		6		1		3.02		24.02		1
		7		1		3.03		24.02		1
		8		1		3.03		24.02		2
		9		1		3.03		24.02		2
		10		1		3.03		24.02		2
		11		1		3.04		24.02		2
		12		1		3.05		24.02		1
		13		1		3.06		24.02		1
		14		1		3.08		24.02		2
		15		1		3.08		24.02		1
		16		1		3.1		24.02		1
		17		1		3.15		24.02		1
		18		1		3.19		24.02		1
		19		1		3.56		24.02		1
		20		1		3.95		24.02		1
		21		2		3.96		24.02		1
		22		1		3.97		24.02		1
		23		2		3.98		24.02		1
		24		2		4.19		24.02		1
		25		2		4.2		24.02		1
		26		2		4.5		24.02		1
		27		2		4.62		24.02		1
		28		2		5		24.02		1
		29		2		5.13		24.02		1
		30		3		5.13		24.02		1
		31		2		5.34		24.02		1
		32		1		5.4		24.02		1
		33		3		5.52		24.02		1
		34		2		5.6		24.02		1
		35		1		5.89		24.02		1
		36		3		6.1		24.02		1
		37		3		6.33		24.02		1
		38		1		6.64		24.02		1
		39		1		37.56		57.02		2
		40		1		42.79		57.02		1
		41		1		43.81		68.02		3
		42		1		43.93		68.02		3
		43		1		43.94		57.02		1
		44		1		43.94		57.02		1
		45		1		43.98		57.02		1
		46		1		43.98		57.02		1
		47		1		43.98		57.02		1
		48		1		43.98		57.02		1
		49		1		43.98		57.02		1
		50		1		43.98		57.02		1
		51		1		43.99		57.02		1
		52		1		43.99		57.02		1
		53		1		43.99		57.02		1
		54		1		43.99		57.02		1
		55		1		44.01		57.02		1
		56		1		64.73		79.02		1
		57		1		64.82		79.02		1
		58		1		70.5		101.02		2
		59		1		71.76		90.02		1
		60		1		87.24		277.02		38
		61		1		113.69		145.02		2
		62		1		116.14		332.02		37
		63		1		116.19		145.02		4
		64		1		116.26		145.02		2
		65		1		125.04		156.02		3
		66		1		126.23		145.02		1
		67		1		126.86		145.02		1
		68		1		127.41		145.02		1
		69		1		128.23		156.02		2
		70		1		129.34		145.02		1
		71		1		151.11		167.02		1
		72		1		154.23		167.02		1
		73		1		168.92		200.02		2
		74		1		169.19		189.02		1
		75		1		172.22		200.02		2
		76		1		173.41		189.02		1
		77		1		175.52		189.02		1
		78		1		190.37		211.02		1
		79		1		207.94		222.02		1
		80		1		207.99		222.02		1
		81		1		222.86		233.02		1
		82		1		237.22		266.02		3
		83		1		243.02		266.02		2
		84		1		245.1		266.02		1
		85		1		245.8		277.02		2
		86		1		246.38		266.02		1
		87		1		246.59		266.02		1
		88		1		247.06		266.02		1
		89		1		247.33		266.02		1
		90		1		247.58		266.02		1
		91		1		248.23		266.02		1
		92		1		248.45		266.02		1
		93		1		248.66		266.02		1
		94		1		277.02		288.02		1
		95		1		282.39		354.02		10
		96		1		283.28		299.02		1
		97		1		291.59		310.02		1
		98		1		303.02		321.02		1
		99		1		303.02		321.02		1
		100		1		303.04		332.02		2
		101		1		303.04		321.02		1
		102		1		303.04		321.02		1
		103		1		327.74		343.02		1
		104		1		327.76		343.02		1
		105		1		334.3		409.02		14
		106		1		339.56		354.02		1
		107		1		339.56		354.02		1
		108		1		363.02		409.02		12
		109		1		363.03		409.02		10
		110		1		364.76		409.02		6
		111		1		365.1		376.02		1
		112		1		365.77		376.02		1
		113		1		365.99		376.02		1
		114		1		366.19		409.02		3
		115		1		366.8		409.02		5
		116		1		367.25		409.02		4
		117		1		367.46		387.02		1
		118		1		368.3		409.02		5
		119		1		370		387.02		1
		120		1		384.68		409.02		2
		121		1		389.64		409.02		1
		122		1		389.88		409.02		1
		123		1		390.22		409.02		1
		124		1		390.32		409.02		1
		125		1		390.36		409.02		1
		126		2		390.36		431.02		12
		127		2		390.53		431.02		11
		128		1		390.53		409.02		1
		129		2		390.7		431.02		11
		130		2		390.7		442.02		10
		131		1		390.85		409.02		1
		132		1		391.42		409.02		1
		133		1		391.49		409.02		1
		134		1		391.49		409.02		1
		135		1		391.66		409.02		1
		136		1		391.82		409.02		1
		137		2		392.01		431.02		9
		138		1		392.15		409.02		1
		139		2		392.15		431.02		8
		140		1		392.21		409.02		1
		141		1		392.21		409.02		1
		142		1		392.46		409.02		1
		143		1		392.76		409.02		1
		144		1		393.3		409.02		1
		145		1		393.64		409.02		1
		146		2		393.64		431.02		8
		147		2		395		442.02		4
		148		2		395.03		442.02		7
		149		2		395.04		431.02		13
		150		2		395.06		431.02		13
		151		2		395.64		442.02		7
		152		2		395.64		431.02		3
		153		2		396.16		442.02		7
		154		2		396.68		431.02		12
		155		2		397.25		431.02		10
		156		2		398.24		431.02		5
		157		2		398.24		431.02		5
		158		2		398.48		431.02		8
		159		2		398.86		431.02		8
		160		2		398.86		431.02		6
		161		2		398.87		409.02		1
		162		2		400.47		431.02		6
		163		2		400.49		431.02		6
		164		3		400.85		475.02		25
		165		2		400.85		431.02		4
		166		3		401.02		475.02		23
		167		3		401.38		475.02		22
		168		3		401.44		475.02		21
		169		3		401.44		475.02		20
		170		2		401.49		431.02		3
		171		3		401.52		475.02		19
		172		3		401.91		475.02		18
		173		3		401.92		475.02		16
		174		3		401.92		475.02		27
		175		4		401.96		486.02		24
		176		4		401.96		486.02		24
		177		4		401.97		486.02		23
		178		2		401.97		420.02		1
		179		4		402.1		486.02		23
		180		2		402.1		420.02		1
		181		4		402.1		486.02		21
		182		4		402.19		486.02		20
		183		4		402.19		486.02		18
		184		4		402.44		486.02		17
		185		5		402.44		497.02		27
		186		5		402.53		420.02		1
		187		5		402.64		420.02		1
		188		5		402.65		420.02		1
		189		5		402.65		420.02		1
		190		5		402.67		420.02		1
		191		5		402.67		420.02		1
		192		2		402.7		431.02		2
		193		5		402.72		420.02		1
		194		6		402.73		420.02		1
		195		6		403.01		420.02		1
		196		6		403.03		420.02		1
		197		6		403.1		420.02		1
		198		6		403.1		420.02		1
		199		2		408.81		431.02		3
		200		2		409.08		431.02		2
		201		3		410.28		475.02		12
		202		3		410.78		475.02		11
		203		2		411.48		431.02		4
		204		3		412.4		475.02		10
		205		3		414.82		475.02		25
		206		3		414.87		475.02		23
		207		2		415.14		431.02		1
		208		2		417.33		431.02		1
		209		3		418.52		475.02		19
		210		3		420.92		475.02		17
		211		3		422.16		475.02		15
		212		3		422.32		475.02		14
		213		3		424.52		475.02		6
		214		3		424.76		475.02		12
		215		4		424.77		486.02		22
		216		5		424.78		497.02		22
		217		5		424.78		497.02		21
		218		5		425.32		497.02		20
		219		3		426.86		475.02		5
		220		3		427.82		475.02		4
		221		3		428.56		475.02		3
		222		3		428.56		475.02		3
		223		3		429.94		475.02		7
		224		3		431.17		442.02		1
		225		4		433.8		475.02		18
		226		3		433.98		475.02		4
		227		3		435.4		475.02		3
		228		3		435.91		475.02		3
		229		3		437.06		475.02		5
		230		3		437.16		475.02		5
		231		3		437.18		475.02		5
		232		5		437.27		497.02		17
		233		3		437.29		475.02		5
		234		5		437.41		497.02		17
		235		5		437.42		497.02		16
		236		5		437.42		497.02		16
		237		4		437.42		486.02		8
		238		6		437.42		508.02		21
		239		3		437.42		453.02		1
		240		6		437.43		508.02		20
		241		6		437.43		508.02		20
		242		6		437.44		508.02		20
		243		4		437.44		486.02		7
		244		6		437.46		508.02		16
		245		6		437.46		508.02		15
		246		3		437.46		475.02		3
		247		6		437.47		508.02		15
		248		6		437.54		508.02		15
		249		7		437.65		519.02		20
		250		7		437.66		519.02		20
		251		7		437.67		519.02		19
		252		7		437.71		508.02		18
		253		4		437.71		486.02		15
		254		7		437.72		508.02		17
		255		4		437.72		486.02		13
		256		7		437.72		508.02		16
		257		7		437.72		508.02		16
		258		7		437.74		508.02		15
		259		4		437.74		475.02		6
		260		4		437.74		486.02		12
		261		8		437.74		519.02		18
		262		4		437.75		475.02		6
		263		8		437.91		519.02		17
		264		8		437.92		453.02		1
		265		4		437.98		486.02		10
		266		8		437.98		453.02		1
		267		8		437.99		453.02		1
		268		4		437.99		486.02		10
		269		4		438		486.02		10
		270		8		438		453.02		1
		271		5		438.02		497.02		20
		272		8		438.02		453.02		1
		273		5		438.03		497.02		19
		274		5		438.04		497.02		17
		275		8		438.04		453.02		1
		276		9		438.04		453.02		1
		277		9		438.04		453.02		1
		278		9		438.04		453.02		1
		279		9		438.04		453.02		1
		280		5		438.05		497.02		14
		281		5		438.05		497.02		11
		282		9		438.05		453.02		1
		283		9		438.05		453.02		1
		284		5		438.05		497.02		11
		285		5		438.05		497.02		11
		286		4		438.06		475.02		6
		287		9		438.06		453.02		1
		288		3		438.06		475.02		3
		289		9		438.06		453.02		1
		290		4		438.08		475.02		5
		291		10		438.08		453.02		1
		292		10		438.08		453.02		1
		293		10		438.08		453.02		1
		294		10		438.08		453.02		1
		295		10		438.1		453.02		1
		296		5		438.1		497.02		11
		297		4		438.36		453.02		1
		298		6		438.36		508.02		17
		299		6		438.38		508.02		15
		300		6		438.78		453.02		1
		301		6		438.89		453.02		1
		302		6		438.89		453.02		1
		303		4		439.03		453.02		1
		304		3		439.08		475.02		2
		305		10		440.21		453.02		1
		306		10		440.21		453.02		1
		307		6		440.23		453.02		1
		308		10		440.23		453.02		1
		309		11		440.23		453.02		1
		310		5		440.23		453.02		1
		311		6		440.23		453.02		1
		312		6		440.23		453.02		1
		313		7		440.32		453.02		1
		314		7		440.32		453.02		1
		315		7		440.44		453.02		1
		316		3		442.29		475.02		2
		317		4		442.86		453.02		1
		318		3		456.25		475.02		1
		319		4		456.83		486.02		2
		320		4		457.05		486.02		2
		321		4		458.05		475.02		1
		322		4		458.62		475.02		1
		323		4		458.66		486.02		2
		324		3		458.74		475.02		1
		325		4		460.17		475.02		1
		326		5		460.34		497.02		6
		327		5		460.35		497.02		5
		328		5		460.73		497.02		5
		329		4		461.4		475.02		1
		330		4		461.56		475.02		1
		331		5		461.75		497.02		4
		332		4		461.79		475.02		1
		333		5		461.79		497.02		3
		334		4		462.01		475.02		1
		335		8		462.01		519.02		11
		336		5		462.2		497.02		3
		337		8		462.2		519.02		11
		338		6		462.2		508.02		10
		339		6		462.22		508.02		9
		340		8		462.38		519.02		11
		341		5		462.38		497.02		3
		342		5		462.54		497.02		2
		343		4		462.65		475.02		1
		344		6		462.65		508.02		7
		345		6		462.93		508.02		6
		346		6		462.93		475.02		1
		347		6		462.95		475.02		1
		348		6		463		475.02		1
		349		6		463.22		475.02		1
		350		6		463.22		475.02		1
		351		6		463.37		475.02		1
		352		7		463.45		475.02		1
		353		7		463.59		475.02		1
		354		7		463.88		475.02		1
		355		7		464.23		475.02		1
		356		4		464.3		475.02		1
		357		6		464.33		508.02		9
		358		8		464.33		475.02		1
		359		8		464.33		475.02		1
		360		8		464.33		475.02		1
		361		6		464.33		508.02		9
		362		9		464.34		475.02		1
		363		4		464.34		475.02		1
		364		4		464.92		475.02		1
		365		4		465.28		486.02		1
		366		4		465.43		486.02		1
		367		5		468.36		497.02		3
		368		5		472.24		486.02		1
		369		5		475.47		486.02		1
		370		5		475.62		486.02		1
		371		6		475.83		508.02		7
		372		5		475.84		486.02		1
		373		6		475.96		508.02		7
		374		7		475.97		508.02		11
		375		7		475.98		508.02		10
		376		5		475.98		486.02		1
		377		5		476.05		497.02		1
		378		5		476.52		497.02		1
		379		6		477.06		508.02		4
		380		6		477.2		508.02		4
		381		8		477.61		519.02		9
		382		6		477.7		508.02		4
		383		5		478.1		497.02		1
		384		6		478.19		508.02		4
		385		5		478.5		497.02		1
		386		5		478.68		497.02		1
		387		5		0		0		0
		388		5		0		0		0
		389		5		0		0		0
		390		5		0		0		0
		391		6		479.3		508.02		3
		392		7		479.43		519.02		7
		393		8		479.47		519.02		8
		394		8		479.47		519.02		8
		395		6		479.65		508.02		2
		396		9		479.65		530.02		14
		397		7		479.67		508.02		6
		398		9		479.67		530.02		11
		399		9		479.79		530.02		11
		400		9		479.79		530.02		11
		401		9		479.82		530.02		11
		402		9		479.82		530.02		11
		403		9		480.02		530.02		10
		404		9		480.02		530.02		10
		405		6		480.68		508.02		2
		406		6		480.69		508.02		2
		407		7		480.8		508.02		5
		408		7		481.03		508.02		5
		409		10		481.03		541.02		16
		410		7		481.13		519.02		5
		411		10		481.3		541.02		16
		412		7		481.31		519.02		5
		413		10		481.31		541.02		15
		414		8		481.32		519.02		8
		415		6		481.32		508.02		2
		416		6		481.41		508.02		2
		417		10		481.54		541.02		13
		418		10		481.54		541.02		11
		419		7		481.63		508.02		4
		420		10		481.64		541.02		11
		421		10		481.66		541.02		10
		422		8		481.66		519.02		8
		423		10		481.76		541.02		10
		424		11		481.81		552.02		14
		425		6		481.81		497.02		1
		426		7		482.38		508.02		4
		427		7		482.38		519.02		4
		428		6		482.4		497.02		1
		429		7		482.55		519.02		4
		430		7		482.57		519.02		4
		431		7		482.57		519.02		4
		432		6		483.15		497.02		1
		433		7		483.28		519.02		4
		434		7		483.59		519.02		4
		435		6		487.29		508.02		1
		436		6		489.11		508.02		1
		437		8		489.43		519.02		4
		438		6		489.44		508.02		1
		439		8		489.44		519.02		4
		440		8		489.44		519.02		4
		441		8		489.6		519.02		4
		442		8		489.6		519.02		4
		443		6		489.62		508.02		1
		444		8		489.62		519.02		3
		445		8		489.62		519.02		3
		446		8		489.71		519.02		3
		447		9		489.72		530.02		7
		448		9		489.74		530.02		6
		449		8		489.76		519.02		7
		450		8		489.77		519.02		7
		451		8		489.77		519.02		7
		452		6		490.32		508.02		1
		453		9		490.32		530.02		5
		454		11		490.38		552.02		13
		455		11		490.41		552.02		13
		456		7		492.66		508.02		1
		457		7		492.68		508.02		1
		458		7		493.67		508.02		1
		459		7		493.74		508.02		1
		460		7		493.79		508.02		1
		461		7		494.56		508.02		1
		462		8		494.66		519.02		4
		463		7		494.66		508.02		1
		464		7		494.66		508.02		1
		465		7		494.82		508.02		1
		466		7		494.94		508.02		1
		467		7		495.17		508.02		1
		468		8		495.46		519.02		3
		469		8		495.46		519.02		3
		470		7		495.46		508.02		1
		471		9		495.47		530.02		9
		472		9		495.5		530.02		7
		473		7		495.5		508.02		1
		474		9		495.51		530.02		7
		475		9		495.51		530.02		5
		476		9		495.52		530.02		5
		477		9		495.52		530.02		4
		478		9		495.52		530.02		4
		479		9		495.53		530.02		4
		480		7		0		0		0
		481		10		495.53		541.02		14
		482		11		495.53		552.02		12
		483		10		495.53		541.02		12
		484		10		495.53		541.02		11
		485		11		495.67		552.02		11
		486		11		495.67		552.02		11
		487		11		495.67		541.02		9
		488		11		495.67		541.02		9
		489		12		495.71		585.02		23
		490		12		495.73		585.02		22
		491		12		495.78		585.02		22
		492		12		495.98		585.02		21
		493		7		0		0		0
		494		12		496.34		585.02		20
		495		12		496.42		585.02		19
		496		12		496.42		585.02		15
		497		12		496.48		585.02		15
		498		9		496.68		530.02		4
		499		9		496.7		530.02		3
		500		9		496.73		508.02		1
		501		10		497.2		541.02		9
		502		10		497.2		508.02		2
		503		7		0		0		0
		504		10		497.23		508.02		1
		505		10		497.23		508.02		1
		506		9		497.25		508.02		1
		507		7		0		0		0
		508		13		498.79		596.02		20
		509		7		0		0		0
		510		7		0		0		0
		511		8		499.02		519.02		1
		512		8		499.03		519.02		1
		513		10		499.05		541.02		7
		514		11		499.09		541.02		9
		515		11		499.19		541.02		7
		516		13		499.19		530.02		2
		517		11		499.2		541.02		5
		518		11		499.2		541.02		4
		519		11		499.21		541.02		3
		520		8		499.21		519.02		1
		521		13		499.21		530.02		2
		522		13		499.22		530.02		2
		523		8		499.22		519.02		1
		524		13		499.22		530.02		2
		525		13		499.22		530.02		2
		526		13		499.22		519.02		1
		527		11		499.22		530.02		2
		528		13		499.24		519.02		1
		529		14		499.24		519.02		1
		530		14		499.34		519.02		1
		531		14		499.34		519.02		1
		532		14		499.34		519.02		1
		533		9		499.35		530.02		2
		534		11		499.35		530.02		2
		535		14		499.35		519.02		1
		536		11		499.35		519.02		1
		537		12		499.35		519.02		1
		538		14		499.36		519.02		1
		539		14		499.44		519.02		1
		540		12		499.44		519.02		1
		541		12		499.44		519.02		1
		542		8		499.44		519.02		1
		543		10		499.46		541.02		7
		544		12		499.49		519.02		1
		545		14		499.49		519.02		1
		546		15		499.49		519.02		1
		547		10		499.5		541.02		6
		548		15		499.5		519.02		1
		549		15		499.5		519.02		1
		550		8		499.52		519.02		1
		551		10		499.52		541.02		5
		552		10		499.54		541.02		5
		553		15		499.54		519.02		1
		554		12		499.55		519.02		1
		555		10		499.55		541.02		4
		556		15		499.57		519.02		1
		557		15		499.57		519.02		1
		558		15		499.57		519.02		1
		559		15		499.57		519.02		1
		560		12		499.57		519.02		1
		561		10		499.57		541.02		2
		562		16		499.59		519.02		1
		563		16		499.59		519.02		1
		564		10		499.59		519.02		1
		565		10		499.6		519.02		1
		566		12		499.6		519.02		1
		567		8		499.66		519.02		1
		568		12		499.7		519.02		1
		569		8		499.76		519.02		1
		570		11		499.77		519.02		1
		571		11		499.77		519.02		1
		572		16		499.79		519.02		1
		573		16		499.79		519.02		1
		574		16		499.79		519.02		1
		575		16		499.79		519.02		1
		576		11		499.8		519.02		1
		577		8		499.8		519.02		1
		578		16		499.8		519.02		1
		579		16		499.8		519.02		1
		580		17		499.82		519.02		1
		581		11		499.82		519.02		1
		582		17		499.82		519.02		1
		583		17		499.88		519.02		1
		584		17		499.88		519.02		1
		585		17		499.88		519.02		1
		586		17		499.88		519.02		1
		587		17		499.88		519.02		1
		588		11		499.9		519.02		1
		589		8		500.3		519.02		1
		590		8		502.99		519.02		1
		591		8		503.94		519.02		1
		592		9		504.16		519.02		1
		593		9		506.05		519.02		1
		594		9		506.12		519.02		1
		595		9		508.02		519.02		1
		596		9		508.03		519.02		1
		597		9		508.72		519.02		1
		598		9		509.26		530.02		1
		599		9		509.82		530.02		1
		600		9		510.26		530.02		1
		601		9		510.76		530.02		1
		602		9		510.82		530.02		1
		603		10		510.84		541.02		6
		604		10		510.85		541.02		5
		605		10		510.98		541.02		4
		606		9		510.98		530.02		1
		607		9		511.35		530.02		1
		608		9		512.2		530.02		1
		609		10		517.64		541.02		2
		610		10		518.23		541.02		2
		611		10		519.2		530.02		1
		612		10		520.93		541.02		1
		613		10		521.23		541.02		1
		614		10		521.48		541.02		1
		615		10		521.59		541.02		1
		616		10		522.44		541.02		1
		617		10		522.48		541.02		1
		618		11		522.51		552.02		3
		619		11		522.51		552.02		3
		620		10		522.65		541.02		1
		621		10		522.79		541.02		1
		622		11		523.28		552.02		2
		623		11		523.28		541.02		1
		624		11		523.28		541.02		1
		625		11		523.6		541.02		1
		626		11		527.29		541.02		1
		627		11		529.67		541.02		1
		628		11		530.15		541.02		1
		629		12		532.98		585.02		18
		630		12		533.35		585.02		17
		631		12		534.93		585.02		17
		632		12		535.22		585.02		10
		633		12		539.27		585.02		6
		634		12		539.35		585.02		7
		635		12		539.38		585.02		6
		636		12		539.58		585.02		5
		637		12		539.95		574.02		4
		638		12		539.95		574.02		3
		639		12		540.21		563.02		2
		640		13		543.03		585.02		12
		641		13		543.21		585.02		9
		642		12		543.21		585.02		12
		643		13		543.87		596.02		9
		644		13		543.87		596.02		9
		645		12		544.11		585.02		10
		646		12		544.15		585.02		8
		647		12		544.16		585.02		7
		648		12		544.17		585.02		6
		649		13		544.17		596.02		7
		650		13		544.22		585.02		10
		651		13		544.25		596.02		7
		652		12		544.41		574.02		3
		653		13		544.41		585.02		8
		654		12		544.45		574.02		3
		655		13		544.45		563.02		1
		656		13		544.61		563.02		1
		657		13		544.61		596.02		7
		658		14		544.65		596.02		9
		659		14		544.65		596.02		9
		660		13		544.74		563.02		1
		661		13		544.78		563.02		1
		662		13		544.82		563.02		1
		663		14		544.82		596.02		8
		664		14		544.87		563.02		1
		665		14		544.87		563.02		1
		666		13		544.98		563.02		1
		667		14		544.99		563.02		1
		668		14		544.99		563.02		1
		669		14		545		563.02		1
		670		14		545		563.02		1
		671		12		545.11		563.02		1
		672		14		545.15		563.02		1
		673		14		545.31		563.02		1
		674		14		545.48		563.02		1
		675		15		545.84		563.02		1
		676		12		546		563.02		1
		677		12		546.47		563.02		1
		678		13		546.47		563.02		1
		679		14		546.59		563.02		1
		680		14		546.59		563.02		1
		681		12		548.5		563.02		1
		682		12		549.5		563.02		1
		683		12		550.84		585.02		3
		684		12		553.1		574.02		2
		685		12		566.06		585.02		1
		686		12		566.68		585.02		1
		687		13		571.19		585.02		1
		688		13		571.28		585.02		1
		689		13		571.28		585.02		1
		690		13		571.38		585.02		1
		691		13		571.41		585.02		2
		692		13		571.84		596.02		2
		693		13		571.85		596.02		2
		694		13		571.85		585.02		1
		695		13		571.85		585.02		1
		696		13		572.13		585.02		1
		697		13		572.13		585.02		1
		698		13		572.17		585.02		1
		699		13		572.2		585.02		1
		700		13		572.3		585.02		1
		701		13		572.3		585.02		1
		702		14		572.3		596.02		5
		703		14		572.32		596.02		3
		704		14		572.32		596.02		3
		705		14		572.54		596.02		5
		706		14		572.76		596.02		3
		707		14		572.76		596.02		3
		708		14		572.88		596.02		5
		709		13		572.88		585.02		1
		710		14		573		596.02		5
		711		14		573.22		596.02		3
		712		14		573.26		596.02		3
		713		15		573.28		607.02		8
		714		15		573.28		607.02		8
		715		15		573.28		607.02		8
		716		15		573.29		607.02		8
		717		14		573.37		596.02		4
		718		15		573.37		607.02		8
		719		15		573.4		607.02		8
		720		14		573.42		596.02		4
		721		13		573.47		585.02		1
		722		14		573.48		596.02		4
		723		14		573.48		596.02		3
		724		14		573.51		596.02		2
		725		14		573.51		596.02		4
		726		15		573.61		607.02		8
		727		15		573.61		607.02		13
		728		15		573.73		607.02		12
		729		13		573.73		585.02		1
		730		15		573.74		607.02		8
		731		16		573.74		618.02		13
		732		14		573.76		596.02		2
		733		16		573.76		618.02		13
		734		15		573.76		607.02		11
		735		15		573.76		607.02		11
		736		16		573.76		618.02		12
		737		16		573.76		618.02		12
		738		13		573.84		585.02		1
		739		16		573.84		618.02		12
		740		14		573.89		596.02		2
		741		15		573.89		607.02		11
		742		15		573.9		607.02		10
		743		16		573.9		618.02		10
		744		16		573.92		618.02		10
		745		16		573.92		618.02		10
		746		17		573.94		618.02		16
		747		15		573.94		607.02		10
		748		17		573.95		618.02		16
		749		15		573.95		607.02		10
		750		14		574.01		596.02		2
		751		16		574.01		618.02		17
		752		17		574.03		618.02		14
		753		17		574.03		618.02		14
		754		16		574.03		618.02		14
		755		16		574.07		618.02		11
		756		16		574.08		618.02		10
		757		14		574.08		596.02		2
		758		17		574.09		618.02		14
		759		16		574.09		618.02		10
		760		14		574.09		596.02		2
		761		15		574.09		607.02		6
		762		17		574.1		618.02		14
		763		16		574.11		618.02		10
		764		16		574.11		618.02		10
		765		13		574.11		585.02		1
		766		16		574.12		618.02		9
		767		17		574.12		618.02		13
		768		15		574.12		607.02		6
		769		13		574.14		585.02		1
		770		17		574.15		618.02		12
		771		18		574.15		629.02		15
		772		17		574.15		618.02		14
		773		17		574.15		585.02		1
		774		17		574.15		585.02		1
		775		18		574.22		629.02		14
		776		15		574.22		607.02		6
		777		15		574.26		607.02		6
		778		18		574.28		629.02		13
		779		18		574.33		629.02		12
		780		18		574.33		629.02		12
		781		18		574.34		629.02		11
		782		18		574.34		629.02		11
		783		18		574.34		629.02		11
		784		19		574.36		640.02		19
		785		15		574.36		607.02		5
		786		19		574.37		640.02		16
		787		19		574.37		640.02		17
		788		19		574.39		640.02		16
		789		15		574.4		607.02		4
		790		19		574.4		640.02		16
		791		13		574.48		585.02		1
		792		17		574.48		585.02		1
		793		17		574.5		585.02		1
		794		19		574.5		640.02		14
		795		19		574.5		640.02		14
		796		17		574.51		585.02		1
		797		19		574.53		640.02		13
		798		15		574.53		607.02		4
		799		17		574.6		585.02		1
		800		17		574.6		585.02		1
		801		18		574.61		585.02		1
		802		20		574.72		585.02		1
		803		18		574.73		585.02		1
		804		20		574.73		585.02		1
		805		20		574.74		585.02		1
		806		18		575.13		629.02		10
		807		13		575.14		596.02		1
		808		20		575.48		651.02		17
		809		20		575.48		651.02		15
		810		20		575.67		651.02		15
		811		20		575.93		651.02		13
		812		20		575.95		651.02		13
		813		15		575.97		607.02		4
		814		18		575.97		629.02		8
		815		21		576.02		651.02		16
		816		16		576.02		618.02		6
		817		18		576.04		629.02		7
		818		18		576.04		629.02		7
		819		14		576.18		596.02		1
		820		14		576.18		596.02		1
		821		21		576.19		596.02		1
		822		21		576.19		596.02		1
		823		21		576.19		596.02		1
		824		18		576.19		629.02		7
		825		18		576.32		629.02		7
		826		14		576.34		596.02		1
		827		21		576.35		596.02		1
		828		21		576.35		596.02		1
		829		16		576.37		618.02		5
		830		21		576.38		596.02		1
		831		21		576.44		596.02		1
		832		22		576.44		596.02		1
		833		19		576.49		596.02		1
		834		22		576.49		596.02		1
		835		22		576.52		596.02		1
		836		22		576.52		596.02		1
		837		14		576.54		596.02		1
		838		14		576.7		596.02		1
		839		14		576.71		596.02		1
		840		22		576.71		596.02		1
		841		22		576.74		596.02		1
		842		16		576.76		618.02		5
		843		22		576.76		596.02		1
		844		16		576.76		618.02		5
		845		22		576.76		596.02		1
		846		14		576.77		596.02		1
		847		23		576.82		596.02		1
		848		23		576.87		596.02		1
		849		23		576.9		596.02		1
		850		14		577.42		596.02		1
		851		16		577.45		618.02		5
		852		16		577.52		618.02		5
		853		16		577.52		618.02		4
		854		16		577.63		618.02		4
		855		17		577.63		618.02		6
		856		14		577.66		596.02		1
		857		14		578.3		596.02		1
		858		14		578.32		596.02		1
		859		14		578.34		596.02		1
		860		14		578.34		596.02		1
		861		15		578.42		607.02		3
		862		15		578.76		618.02		3
		863		14		578.99		596.02		1
		864		15		580.85		607.02		2
		865		15		580.86		607.02		2
		866		15		581.82		607.02		2
		867		14		0		0		0
		868		15		583.09		596.02		1
		869		15		583.58		607.02		2
		870		15		584.25		596.02		1
		871		15		589.09		607.02		1
		872		17		590.39		618.02		8
		873		15		590.47		607.02		1
		874		17		590.67		618.02		8
		875		17		590.67		618.02		6
		876		15		590.72		607.02		1
		877		17		590.85		618.02		4
		878		17		590.85		629.02		4
		879		17		590.86		618.02		6
		880		17		592.48		618.02		5
		881		17		592.53		618.02		4
		882		17		592.57		618.02		4
		883		18		594.06		629.02		6
		884		16		595.62		607.02		1
		885		16		596.16		607.02		1
		886		16		596.18		607.02		1
		887		16		596.33		607.02		1
		888		16		596.82		607.02		1
		889		16		597.1		618.02		1
		890		16		597.49		618.02		1
		891		16		597.55		618.02		1
		892		16		597.61		618.02		1
		893		16		597.82		618.02		1
		894		16		597.84		618.02		1
		895		20		597.85		651.02		12
		896		20		597.88		651.02		12
		897		16		597.88		618.02		1
		898		20		597.93		651.02		12
		899		16		597.99		618.02		1
		900		21		598.09		651.02		15
		901		21		598.09		651.02		15
		902		21		598.16		651.02		14
		903		17		598.19		629.02		2
		904		17		598.24		629.02		2
		905		21		598.26		651.02		14
		906		21		598.26		651.02		14
		907		17		598.38		618.02		1
		908		21		598.38		651.02		13
		909		21		598.4		651.02		13
		910		22		598.4		673.02		24
		911		22		598.4		684.02		23
		912		22		598.43		673.02		21
		913		17		598.85		618.02		1
		914		17		598.96		618.02		2
		915		17		599.02		629.02		2
		916		17		599.11		629.02		2
		917		17		599.11		629.02		2
		918		16		599.15		618.02		1
		919		17		599.76		618.02		1
		920		17		599.76		618.02		1
		921		17		601.05		618.02		1
		922		17		601.87		618.02		1
		923		17		601.94		618.02		1
		924		18		601.96		629.02		2
		925		17		602.04		618.02		1
		926		18		602.13		629.02		3
		927		17		602.15		618.02		1
		928		18		602.21		629.02		3
		929		18		602.25		629.02		3
		930		18		602.33		629.02		3
		931		18		602.41		629.02		3
		932		17		602.83		618.02		1
		933		18		602.91		629.02		4
		934		18		602.93		629.02		3
		935		19		603.03		640.02		13
		936		18		603.03		629.02		3
		937		18		603.04		629.02		2
		938		18		603.13		629.02		2
		939		18		603.34		629.02		3
		940		17		603.34		618.02		1
		941		17		606.75		618.02		1
		942		18		608.78		629.02		1
		943		18		609.13		629.02		1
		944		19		609.77		640.02		6
		945		18		611.02		629.02		1
		946		19		611.18		640.02		8
		947		18		611.19		629.02		1
		948		19		611.2		640.02		8
		949		19		611.2		640.02		8
		950		19		611.81		640.02		8
		951		18		611.81		629.02		1
		952		19		611.95		640.02		7
		953		19		612.13		640.02		7
		954		19		612.15		640.02		7
		955		22		612.25		673.02		18
		956		22		612.27		673.02		18
		957		20		612.61		651.02		10
		958		22		612.66		673.02		18
		959		22		612.66		673.02		18
		960		22		612.66		673.02		18
		961		23		612.67		706.02		39
		962		23		612.67		706.02		38
		963		23		612.67		706.02		33
		964		23		612.67		706.02		31
		965		23		612.69		706.02		30
		966		23		612.69		706.02		30
		967		23		612.69		706.02		30
		968		23		612.7		706.02		28
		969		20		612.7		651.02		9
		970		24		612.71		673.02		26
		971		20		612.71		651.02		9
		972		24		612.71		673.02		26
		973		24		612.72		673.02		25
		974		19		612.72		640.02		4
		975		24		612.76		673.02		24
		976		24		612.76		673.02		24
		977		20		612.76		651.02		6
		978		20		612.77		651.02		6
		979		20		612.77		651.02		6
		980		20		612.8		651.02		6
		981		19		612.8		640.02		4
		982		18		612.82		629.02		1
		983		19		612.82		640.02		4
		984		24		612.82		673.02		24
		985		20		612.82		651.02		5
		986		21		612.83		651.02		10
		987		24		612.83		673.02		24
		988		24		612.83		673.02		24
		989		21		612.83		651.02		8
		990		21		612.85		651.02		8
		991		21		612.85		651.02		7
		992		21		612.85		651.02		7
		993		21		612.85		651.02		6
		994		21		612.86		651.02		6
		995		19		612.86		640.02		4
		996		21		612.86		651.02		6
		997		19		612.86		640.02		3
		998		22		612.86		673.02		18
		999		22		612.88		673.02		16
		1000		22		612.94		673.02		15
		1001		22		612.94		673.02		15
		1002		22		612.96		673.02		15
		1003		22		613		673.02		15
		1004		22		613.14		673.02		14
		1005		22		613.19		673.02		14
		1006		23		613.21		706.02		37
		1007		19		613.27		640.02		3
		1008		23		613.28		706.02		26
		1009		23		613.32		706.02		23
		1010		19		613.33		640.02		3
		1011		23		613.42		706.02		22
		1012		18		613.42		629.02		1
		1013		20		613.71		651.02		4
		1014		19		613.77		651.02		3
		1015		19		613.8		640.02		2
		1016		20		613.8		651.02		3
		1017		20		614.3		651.02		3
		1018		20		614.39		651.02		3
		1019		23		614.57		706.02		16
		1020		20		614.57		651.02		3
		1021		20		614.73		651.02		3
		1022		20		615.05		651.02		3
		1023		19		615.39		640.02		2
		1024		23		615.41		706.02		13
		1025		20		615.62		651.02		3
		1026		21		615.71		651.02		5
		1027		19		615.75		640.02		2
		1028		21		615.92		651.02		5
		1029		21		616.3		651.02		5
		1030		21		616.77		651.02		4
		1031		21		616.98		651.02		4
		1032		19		617.04		640.02		2
		1033		21		617.06		651.02		4
		1034		19		617.06		640.02		2
		1035		21		617.07		651.02		4
		1036		19		617.84		640.02		2
		1037		19		618.3		640.02		2
		1038		19		619.1		640.02		1
		1039		19		621.52		640.02		1
		1040		19		623.53		640.02		1
		1041		19		625.38		640.02		1
		1042		19		625.48		640.02		1
		1043		20		625.54		640.02		1
		1044		20		625.64		640.02		1
		1045		20		625.65		640.02		1
		1046		21		626.17		651.02		3
		1047		22		626.32		684.02		11
		1048		22		626.42		673.02		9
		1049		22		626.77		673.02		9
		1050		22		626.85		673.02		8
		1051		20		627.06		640.02		1
		1052		22		627.18		673.02		8
		1053		22		627.23		673.02		8
		1054		20		627.59		640.02		1
		1055		20		628.06		640.02		1
		1056		20		628.15		640.02		1
		1057		20		628.28		640.02		1
		1058		20		628.36		640.02		1
		1059		20		628.38		640.02		1
		1060		20		629.12		640.02		1
		1061		21		629.51		640.02		1
		1062		23		629.54		673.02		6
		1063		20		629.63		640.02		1
		1064		21		630.11		651.02		1
		1065		21		630.95		651.02		1
		1066		22		631.12		673.02		6
		1067		21		631.14		651.02		1
		1068		22		631.4		673.02		6
		1069		23		631.54		706.02		15
		1070		20		631.61		651.02		1
		1071		20		631.61		651.02		1
		1072		21		631.68		651.02		1
		1073		23		631.68		706.02		10
		1074		21		631.7		651.02		1
		1075		21		631.72		651.02		1
		1076		23		631.73		673.02		5
		1077		23		631.73		662.02		3
		1078		24		631.76		662.02		5
		1079		24		631.76		662.02		5
		1080		24		631.78		662.02		4
		1081		24		631.86		662.02		3
		1082		21		632.17		651.02		1
		1083		21		632.53		651.02		1
		1084		22		632.79		684.02		5
		1085		22		633.05		673.02		4
		1086		21		633.34		651.02		1
		1087		24		633.39		662.02		3
		1088		24		633.4		662.02		3
		1089		24		633.47		662.02		3
		1090		24		633.47		662.02		2
		1091		22		633.49		673.02		3
		1092		22		633.5		673.02		3
		1093		22		633.87		673.02		3
		1094		23		634.23		662.02		2
		1095		23		634.26		662.02		2
		1096		22		634.52		673.02		2
		1097		23		634.57		662.02		2
		1098		23		634.7		662.02		2
		1099		22		635.98		673.02		2
		1100		21		637.53		651.02		1
		1101		22		637.73		673.02		4
		1102		22		637.85		651.02		1
		1103		22		637.9		662.02		2
		1104		23		639.15		651.02		1
		1105		22		650.78		662.02		1
		1106		22		651		662.02		1
		1107		22		653.14		673.02		1
		1108		23		654.06		706.02		7
		1109		23		654.54		706.02		4
		1110		22		659.2		673.02		1
		1111		23		674.23		706.02		2
		1112		24		675.36		717.02		10
		1113		24		675.38		717.02		10
		1114		24		675.5		717.02		9
		1115		24		676		717.02		9
		1116		24		676.5		717.02		9
		1117		24		676.5		717.02		9
		1118		24		676.64		717.02		9
		1119		24		676.68		717.02		9
		1120		23		676.8		706.02		5
		1121		23		679.44		706.02		2
		1122		23		683.14		706.02		4
		1123		23		683.14		706.02		4
		1124		24		687.04		717.02		9
		1125		24		687.12		717.02		9
		1126		24		687.21		717.02		9
		1127		23		687.62		706.02		1
		1128		23		687.62		706.02		1
		1129		23		687.78		706.02		1
		1130		23		687.87		706.02		1
		1131		23		688.04		706.02		1
		1132		23		688.05		706.02		1
		1133		24		688.25		717.02		8
		1134		24		688.28		717.02		7
		1135		24		688.33		717.02		7
		1136		24		688.34		717.02		6
		1137		24		688.45		717.02		4
		1138		23		688.5		706.02		1
		1139		24		688.54		717.02		4
		1140		24		688.54		717.02		7
		1141		23		688.66		706.02		1
		1142		24		688.67		717.02		4
		1143		24		688.9		717.02		4
		1144		24		688.92		717.02		4
		1145		24		688.98		717.02		4
		1146		23		689.41		706.02		1
		1147		24		689.8		717.02		3
		1148		24		689.95		706.02		2
		1149		23		689.97		706.02		1
		1150		24		693.61		717.02		2
		1151		24		693.97		706.02		1
		1152		24		696.59		717.02		1
		1153		24		696.6		717.02		1
		1154		24		698.06		717.02		1
		1155		24		698.53		717.02		1
		1156		24		699.03		717.02		1
=========== CONTAINER OUTPUT ==========
Number of Containers Created: 1156
Number of Containers Destroyed: 1145
Number of Requests Served: 6306
Average Number of Vms under Load: 4.0
Total Number of Vms used: 24
Average CPU Utilization of Vms: 0.5554510271869394
Number of SLO Violations: 291
