Summary of : modules/cloudsim-examples/src/main/java/org/cloudbus/cloudsim/experiments/workloads/azure-3.csv worklaod
=========== CONTAINER OUTPUT ==========
Container ID	VM ID	Start Time	Finish Time	Number of Requests Served
		1		1		3.02		24.02		1
		2		1		3.02		35.02		3
		3		1		3.02		35.02		2
		4		1		3.02		35.02		3
		5		1		3.02		68.02		6
		6		1		3.02		24.02		1
		7		2		3.03		35.02		2
		8		2		3.03		24.02		1
		9		2		3.03		24.02		3
		10		2		3.03		24.02		1
		11		2		3.04		24.02		1
		12		2		3.05		24.02		2
		13		1		3.06		24.02		1
		14		3		3.08		24.02		2
		15		3		3.08		35.02		2
		16		3		3.1		24.02		1
		17		3		3.15		24.02		1
		18		3		3.19		24.02		1
		19		3		3.56		24.02		1
		20		4		3.95		24.02		1
		21		4		3.96		24.02		1
		22		4		3.97		24.02		1
		23		4		3.98		24.02		1
		24		4		4.19		24.02		1
		25		4		4.2		24.02		1
		26		5		4.5		24.02		1
		27		5		4.62		24.02		1
		28		5		5		24.02		1
		29		5		5.13		24.02		1
		30		5		5.13		24.02		1
		31		6		5.34		24.02		1
		32		6		5.4		24.02		1
		33		6		5.52		24.02		1
		34		1		5.6		24.02		0
		35		5		6.1		24.02		1
		36		6		6.64		24.02		1
		37		5		7.41		24.02		1
		38		6		16.02		57.02		2
		39		1		38.02		101.02		2
		40		1		43.94		101.02		5
		41		1		43.94		57.02		0
		42		1		43.98		57.02		1
		43		1		43.98		57.02		1
		44		1		43.98		57.02		0
		45		6		43.98		57.02		1
		46		6		43.98		57.02		1
		47		6		43.98		57.02		1
		48		6		43.99		57.02		1
		49		6		43.99		57.02		0
		50		6		43.99		57.02		0
		51		6		43.99		57.02		1
		52		2		43.99		57.02		1
		53		2		49.02		255.02		1
		54		2		53.51		68.02		1
		55		2		54.72		68.02		1
		56		6		56.62		68.02		1
		57		2		60.02		233.02		7
		58		2		60.02		90.02		2
		59		1		64.82		79.02		1
		60		1		71.02		145.02		2
		61		1		71.02		145.02		1
		62		1		95.46		112.02		1
		63		1		103.39		222.02		16
		64		1		116.19		145.02		5
		65		1		116.26		145.02		4
		66		2		126.02		200.02		1
		67		2		126.02		299.02		6
		68		2		126.23		145.02		1
		69		6		126.64		145.02		1
		70		6		127.12		145.02		1
		71		6		127.41		145.02		1
		72		6		127.69		145.02		1
		73		2		128.23		145.02		1
		74		6		129		145.02		1
		75		3		129.28		145.02		1
		76		3		129.34		145.02		1
		77		2		137.02		156.02		1
		78		1		144.02		156.02		1
		79		1		148.02		167.02		1
		80		1		149.84		167.02		1
		81		2		151.11		167.02		1
		82		1		153.31		167.02		1
		83		2		159.02		178.02		1
		84		2		159.19		178.02		1
		85		2		163.43		189.02		2
		86		2		169.19		277.02		20
		87		1		172.07		189.02		1
		88		1		173.07		189.02		1
		89		1		173.41		189.02		1
		90		2		192.02		222.02		3
		91		1		192.02		321.02		9
		92		2		204.47		222.02		1
		93		2		224.08		244.02		1
		94		2		236.9		255.02		0
		95		2		243.02		266.02		6
		96		1		244.72		255.02		1
		97		1		245.1		277.02		2
		98		1		245.8		277.02		2
		99		2		246.81		266.02		1
		100		1		247.02		321.02		1
		101		1		247.02		354.02		1
		102		6		247.02		354.02		3
		103		2		247.06		266.02		0
		104		6		247.33		266.02		1
		105		2		247.58		266.02		0
		106		6		247.79		277.02		2
		107		2		248.45		266.02		1
		108		2		258.02		321.02		1
		109		1		280.02		354.02		3
		110		1		280.02		354.02		4
		111		1		302.02		1289.02		91
		112		1		302.02		1300.02		107
		113		1		303.02		321.02		1
		114		6		303.02		761.02		90
		115		6		303.04		321.02		1
		116		6		303.04		354.02		4
		117		6		303.04		321.02		1
		118		6		335.02		673.02		52
		119		6		365.1		376.02		1
		120		6		365.99		673.02		81
		121		6		366.19		673.02		69
		122		6		366.38		717.02		83
		123		1		366.8		1278.02		242
		124		1		367.01		387.02		1
		125		1		367.25		387.02		1
		126		1		367.46		387.02		1
		127		1		367.9		1300.02		114
		128		1		368.02		1289.02		121
		129		2		368.02		1300.02		184
		130		1		368.11		387.02		1
		131		2		368.3		387.02		1
		132		2		368.5		387.02		1
		133		6		375.94		1025.02		10
		134		2		388.77		1256.02		148
		135		3		388.86		1256.02		165
		136		6		389.51		442.02		5
		137		6		389.64		409.02		1
		138		2		389.64		563.02		18
		139		2		390.02		563.02		13
		140		2		390.02		563.02		11
		141		1		390.02		1256.02		305
		142		2		390.22		409.02		1
		143		2		390.32		1256.02		171
		144		1		390.36		409.02		2
		145		1		390.53		1256.02		307
		146		1		390.53		1245.02		320
		147		3		390.7		1443.02		305
		148		3		390.7		1432.02		410
		149		3		390.85		409.02		1
		150		3		391.49		1443.02		332
		151		1		391.49		409.02		1
		152		1		391.55		409.02		1
		153		6		391.55		409.02		1
		154		4		391.66		442.02		17
		155		4		391.68		442.02		22
		156		4		391.82		530.02		43
		157		4		392.01		442.02		13
		158		4		392.15		519.02		31
		159		4		392.21		442.02		5
		160		5		392.21		475.02		17
		161		5		393.97		464.02		9
		162		5		397.35		420.02		3
		163		5		398.37		431.02		4
		164		2		398.37		409.02		1
		165		5		399.46		431.02		3
		166		7		400.12		420.02		1
		167		7		401.02		420.02		1
		168		7		401.02		508.02		9
		169		7		401.02		453.02		2
		170		8		401.02		541.02		19
		171		1		401.44		1289.02		92
		172		5		401.44		486.02		5
		173		8		401.92		420.02		1
		174		5		402.07		420.02		0
		175		8		402.1		420.02		1
		176		8		402.1		541.02		33
		177		9		402.12		651.02		53
		178		9		402.64		607.02		25
		179		8		402.65		431.02		2
		180		9		402.65		420.02		1
		181		9		402.67		662.02		31
		182		10		402.67		420.02		1
		183		3		402.73		431.02		2
		184		8		403		431.02		3
		185		8		403.03		420.02		1
		186		9		403.1		662.02		18
		187		9		403.7		563.02		12
		188		10		405.43		431.02		2
		189		10		405.43		431.02		2
		190		10		406.35		420.02		1
		191		11		410.94		673.02		73
		192		11		410.94		541.02		36
		193		9		412.02		431.02		2
		194		10		412.02		497.02		3
		195		6		412.41		717.02		25
		196		10		412.76		431.02		1
		197		11		412.82		541.02		31
		198		2		413.41		541.02		21
		199		2		413.96		541.02		12
		200		2		414.3		552.02		3
		201		3		414.45		431.02		2
		202		3		414.45		442.02		2
		203		7		414.49		453.02		7
		204		7		414.49		442.02		4
		205		7		414.7		431.02		1
		206		7		414.87		442.02		3
		207		11		415.93		541.02		15
		208		1		416.12		1289.02		19
		209		1		417.23		431.02		1
		210		11		418.26		541.02		35
		211		12		418.31		453.02		9
		212		12		418.51		453.02		6
		213		12		418.51		453.02		8
		214		12		418.52		431.02		0
		215		12		418.52		530.02		14
		216		12		418.57		475.02		5
		217		13		418.77		497.02		28
		218		13		418.77		1003.02		131
		219		11		419.58		519.02		19
		220		13		419.85		431.02		0
		221		11		420.84		431.02		1
		222		1		423.02		453.02		2
		223		9		423.02		662.02		74
		224		13		423.02		497.02		18
		225		13		423.02		497.02		17
		226		5		423.02		475.02		6
		227		7		423.02		453.02		2
		228		7		423.02		530.02		13
		229		8		423.02		673.02		31
		230		13		424.71		541.02		22
		231		10		424.75		541.02		29
		232		10		424.76		541.02		23
		233		14		424.76		519.02		18
		234		14		424.76		508.02		18
		235		14		424.76		508.02		10
		236		14		424.77		508.02		21
		237		14		424.77		508.02		9
		238		14		424.77		508.02		7
		239		15		424.78		519.02		16
		240		15		424.78		475.02		14
		241		1		430		475.02		9
		242		11		434.02		453.02		1
		243		9		434.02		497.02		1
		244		11		435.74		453.02		0
		245		13		437.44		497.02		9
		246		10		437.46		541.02		19
		247		10		437.46		541.02		24
		248		10		437.46		541.02		24
		249		15		437.46		475.02		10
		250		15		437.65		475.02		10
		251		15		437.65		475.02		9
		252		15		437.66		486.02		7
		253		12		437.67		453.02		1
		254		16		437.71		486.02		8
		255		3		437.72		486.02		7
		256		16		437.72		475.02		7
		257		16		437.72		475.02		6
		258		16		437.72		486.02		4
		259		16		437.74		486.02		5
		260		16		437.74		519.02		8
		261		5		437.91		464.02		4
		262		8		437.99		486.02		4
		263		17		438.02		673.02		38
		264		17		438.02		541.02		13
		265		17		438.02		541.02		9
		266		17		438.03		541.02		14
		267		1		438.04		453.02		1
		268		7		438.04		453.02		1
		269		17		438.04		662.02		37
		270		17		438.05		453.02		1
		271		18		438.05		453.02		1
		272		18		438.05		453.02		1
		273		18		438.05		453.02		1
		274		18		438.05		453.02		1
		275		18		438.05		453.02		1
		276		19		438.06		453.02		1
		277		19		438.08		453.02		1
		278		19		438.08		453.02		1
		279		19		438.08		453.02		1
		280		19		438.08		453.02		1
		281		19		438.08		453.02		1
		282		20		438.1		453.02		1
		283		20		438.1		453.02		1
		284		20		438.66		453.02		1
		285		18		438.88		717.02		9
		286		20		439.03		453.02		1
		287		3		439.27		1014.02		35
		288		20		439.27		453.02		1
		289		21		439.3		497.02		7
		290		21		440.24		453.02		0
		291		21		440.32		453.02		1
		292		10		442.34		486.02		5
		293		9		442.75		651.02		12
		294		21		442.78		453.02		1
		295		5		442.8		475.02		3
		296		5		442.83		453.02		0
		297		21		442.83		475.02		2
		298		21		442.84		486.02		5
		299		8		442.85		541.02		6
		300		8		442.85		453.02		0
		301		9		442.85		475.02		5
		302		20		442.86		453.02		1
		303		22		443.13		464.02		1
		304		22		443.46		464.02		1
		305		22		443.52		475.02		4
		306		22		444.33		475.02		3
		307		6		444.74		464.02		0
		308		22		444.94		464.02		1
		309		8		444.94		563.02		6
		310		4		445.02		508.02		8
		311		4		445.08		508.02		6
		312		3		445.1		1465.02		95
		313		4		445.57		464.02		0
		314		4		445.74		530.02		7
		315		4		445.74		552.02		13
		316		4		446.02		530.02		8
		317		4		446.64		552.02		12
		318		23		446.66		475.02		4
		319		23		447.68		464.02		1
		320		23		447.68		464.02		1
		321		23		447.68		464.02		1
		322		23		447.7		464.02		1
		323		7		447.73		464.02		1
		324		23		447.73		464.02		1
		325		23		447.74		464.02		1
		326		23		448.18		464.02		1
		327		24		448.36		508.02		5
		328		24		448.39		508.02		9
		329		24		448.4		508.02		8
		330		23		448.66		475.02		2
		331		23		448.66		475.02		2
		332		24		448.77		475.02		5
		333		25		448.79		475.02		3
		334		25		448.9		464.02		1
		335		25		453.97		464.02		1
		336		7		454.97		475.02		1
		337		11		455.18		475.02		2
		338		24		456.02		519.02		3
		339		1		456.02		1234.02		75
		340		1		456.02		1256.02		125
		341		17		456.02		541.02		4
		342		25		456.02		508.02		2
		343		25		456.83		475.02		1
		344		21		456.9		486.02		3
		345		21		457.05		475.02		1
		346		17		457.05		552.02		12
		347		17		457.17		475.02		2
		348		8		457.63		673.02		20
		349		5		457.74		475.02		1
		350		17		458.66		475.02		1
		351		11		458.84		717.02		5
		352		23		458.84		475.02		1
		353		21		458.86		475.02		1
		354		12		459.98		475.02		1
		355		12		461.72		497.02		3
		356		12		461.75		475.02		1
		357		7		461.79		519.02		18
		358		7		461.79		519.02		12
		359		7		461.95		530.02		16
		360		18		461.95		475.02		1
		361		18		461.97		475.02		0
		362		18		464.3		475.02		1
		363		18		464.3		475.02		1
		364		18		464.3		475.02		1
		365		19		464.3		475.02		0
		366		19		464.31		475.02		0
		367		19		464.31		508.02		5
		368		19		464.31		508.02		7
		369		7		464.31		541.02		11
		370		19		464.31		508.02		5
		371		19		464.33		475.02		0
		372		20		464.33		475.02		1
		373		20		464.33		475.02		1
		374		20		464.33		475.02		1
		375		20		464.34		475.02		1
		376		20		464.34		475.02		0
		377		23		464.51		475.02		0
		378		26		465.55		486.02		1
		379		6		466.42		519.02		6
		380		7		466.65		486.02		1
		381		4		467.43		486.02		2
		382		4		477.63		970.02		17
		383		11		478.02		519.02		2
		384		9		478.02		750.02		7
		385		24		478.02		508.02		2
		386		16		478.02		530.02		2
		387		19		478.02		508.02		2
		388		19		478.02		519.02		2
		389		12		478.02		519.02		1
		390		12		478.02		541.02		2
		391		12		478.02		530.02		1
		392		21		478.02		541.02		3
		393		21		478.02		541.02		5
		394		15		478.02		519.02		4
		395		15		478.02		519.02		3
		396		25		478.02		530.02		4
		397		25		478.02		541.02		4
		398		1		478.9		508.02		5
		399		25		478.97		530.02		3
		400		26		478.99		519.02		3
		401		26		479.05		508.02		5
		402		26		479.1		519.02		4
		403		26		479.1		508.02		3
		404		5		479.17		1003.02		91
		405		5		479.2		717.02		68
		406		5		479.23		717.02		68
		407		5		479.3		684.02		42
		408		25		479.44		497.02		1
		409		18		479.47		530.02		6
		410		18		480.02		519.02		4
		411		19		480.76		508.02		2
		412		18		480.78		530.02		4
		413		18		480.78		530.02		5
		414		18		480.8		530.02		8
		415		1		480.93		1267.02		29
		416		20		480.94		530.02		8
		417		20		481.03		541.02		6
		418		20		481.03		530.02		10
		419		20		481.13		530.02		9
		420		20		481.32		519.02		8
		421		20		481.32		519.02		5
		422		7		482.49		508.02		4
		423		8		489.02		519.02		1
		424		26		489.02		541.02		1
		425		21		489.42		508.02		1
		426		7		489.62		981.02		13
		427		5		489.72		717.02		70
		428		3		489.72		1432.02		309
		429		3		489.73		530.02		5
		430		15		489.74		530.02		5
		431		5		489.74		992.02		13
		432		15		489.74		508.02		1
		433		16		489.74		508.02		3
		434		16		489.74		508.02		3
		435		16		489.75		519.02		2
		436		22		489.76		519.02		3
		437		22		489.76		519.02		4
		438		22		489.77		508.02		3
		439		22		490.35		519.02		2
		440		22		492.26		519.02		2
		441		22		495.45		508.02		1
		442		21		495.51		519.02		2
		443		18		495.51		508.02		0
		444		23		495.52		508.02		2
		445		23		495.53		519.02		2
		446		23		495.53		530.02		2
		447		23		495.53		519.02		3
		448		23		495.53		508.02		0
		449		23		495.53		508.02		2
		450		18		495.53		530.02		4
		451		27		495.53		508.02		0
		452		12		495.68		519.02		2
		453		12		495.89		508.02		0
		454		17		498.33		530.02		2
		455		16		498.87		519.02		0
		456		16		498.9		519.02		1
		457		10		498.9		519.02		1
		458		12		499.02		519.02		1
		459		12		499.03		519.02		1
		460		12		499.05		519.02		1
		461		21		499.19		519.02		1
		462		27		499.19		519.02		1
		463		27		499.19		519.02		1
		464		27		499.2		519.02		1
		465		27		499.2		519.02		1
		466		27		499.2		519.02		1
		467		28		499.2		519.02		1
		468		28		499.2		519.02		1
		469		21		499.21		519.02		1
		470		28		499.21		519.02		1
		471		28		499.22		519.02		1
		472		21		499.22		519.02		1
		473		28		499.22		519.02		1
		474		28		499.22		519.02		1
		475		29		499.24		519.02		1
		476		4		499.24		1069.02		36
		477		29		499.34		519.02		1
		478		12		499.34		519.02		1
		479		29		499.35		519.02		1
		480		29		499.35		519.02		1
		481		29		499.35		519.02		1
		482		12		499.35		519.02		1
		483		29		499.36		519.02		1
		484		12		499.5		519.02		1
		485		25		499.52		519.02		1
		486		12		499.55		519.02		2
		487		13		499.57		541.02		4
		488		15		499.59		519.02		1
		489		30		499.59		519.02		1
		490		30		499.59		519.02		1
		491		30		499.6		519.02		1
		492		30		499.6		519.02		1
		493		30		499.6		519.02		1
		494		30		499.66		519.02		1
		495		9		499.77		519.02		0
		496		13		499.8		519.02		1
		497		31		499.8		519.02		1
		498		31		499.8		519.02		1
		499		31		499.82		519.02		1
		500		31		499.82		519.02		1
		501		31		499.82		519.02		1
		502		10		499.83		563.02		2
		503		10		499.88		519.02		1
		504		10		500.02		541.02		2
		505		22		500.02		618.02		7
		506		17		500.02		574.02		1
		507		32		500.02		519.02		1
		508		32		500.02		519.02		1
		509		32		500.02		541.02		1
		510		32		500.02		574.02		1
		511		33		500.02		563.02		2
		512		33		500.02		563.02		1
		513		13		500.02		596.02		3
		514		1		510.49		1014.02		21
		515		18		511.02		541.02		1
		516		21		520.8		541.02		1
		517		13		522.02		541.02		1
		518		8		522.02		618.02		5
		519		18		522.02		585.02		1
		520		9		522.39		541.02		1
		521		21		526.18		541.02		2
		522		32		533.02		585.02		1
		523		6		533.02		728.02		9
		524		6		533.02		695.02		2
		525		3		533.02		1322.02		18
		526		33		544.25		563.02		1
		527		33		544.41		563.02		1
		528		33		544.78		640.02		12
		529		8		544.78		673.02		32
		530		8		544.82		563.02		1
		531		8		544.87		673.02		47
		532		17		544.99		662.02		11
		533		32		545		640.02		15
		534		32		545		662.02		9
		535		32		545.09		651.02		7
		536		17		546.58		596.02		5
		537		13		548.04		992.02		89
		538		13		553.15		596.02		2
		539		13		553.86		574.02		1
		540		11		554.52		673.02		15
		541		32		555.02		607.02		10
		542		9		555.02		662.02		12
		543		17		555.02		673.02		8
		544		17		555.02		662.02		3
		545		17		555.02		684.02		7
		546		17		555.02		651.02		7
		547		11		555.02		607.02		7
		548		11		557.44		706.02		53
		549		11		557.44		706.02		31
		550		18		564.35		585.02		1
		551		8		566.02		673.02		13
		552		2		566.02		706.02		25
		553		2		566.02		706.02		17
		554		9		567.04		651.02		18
		555		8		572.13		607.02		5
		556		8		572.15		596.02		4
		557		18		573.51		585.02		1
		558		18		573.84		662.02		16
		559		18		573.9		585.02		0
		560		33		573.94		596.02		3
		561		33		573.94		585.02		0
		562		33		573.95		585.02		0
		563		33		573.95		662.02		6
		564		4		574.01		1102.02		83
		565		4		574.01		1113.02		167
		566		4		574.03		1124.02		158
		567		4		574.07		673.02		25
		568		22		574.08		585.02		0
		569		22		574.09		651.02		15
		570		22		574.09		662.02		14
		571		22		574.09		662.02		13
		572		22		574.1		585.02		0
		573		7		574.11		585.02		0
		574		7		574.11		662.02		24
		575		7		574.12		673.02		24
		576		7		574.14		662.02		15
		577		7		574.15		673.02		34
		578		10		574.15		585.02		1
		579		10		574.22		673.02		41
		580		10		574.22		1135.02		165
		581		10		574.22		1003.02		124
		582		10		574.26		1003.02		106
		583		21		574.26		651.02		15
		584		21		574.33		651.02		12
		585		21		574.33		585.02		0
		586		21		574.34		651.02		5
		587		21		574.34		651.02		10
		588		21		574.36		662.02		12
		589		25		574.37		651.02		8
		590		25		574.4		585.02		1
		591		22		574.5		596.02		3
		592		22		574.53		585.02		0
		593		13		576.18		673.02		23
		594		32		576.18		640.02		5
		595		25		576.19		662.02		7
		596		25		576.19		662.02		9
		597		25		576.37		651.02		12
		598		26		576.38		651.02		7
		599		26		576.44		651.02		8
		600		26		576.44		651.02		12
		601		26		576.48		662.02		9
		602		26		576.48		662.02		10
		603		26		576.49		651.02		9
		604		20		576.49		673.02		13
		605		20		576.52		673.02		27
		606		20		576.52		673.02		24
		607		20		576.7		673.02		13
		608		20		576.71		706.02		23
		609		20		576.71		651.02		13
		610		12		576.76		673.02		30
		611		12		576.76		673.02		32
		612		12		576.87		596.02		1
		613		12		577.01		673.02		21
		614		17		577.02		618.02		1
		615		13		577.02		673.02		6
		616		9		577.02		673.02		12
		617		13		577.02		607.02		2
		618		12		577.02		673.02		8
		619		16		577.02		662.02		5
		620		16		577.02		662.02		7
		621		16		577.02		651.02		7
		622		16		577.02		629.02		1
		623		15		577.02		651.02		2
		624		32		577.5		596.02		1
		625		16		578.1		596.02		0
		626		32		578.34		596.02		1
		627		15		578.41		673.02		16
		628		15		578.42		673.02		24
		629		15		578.42		739.02		19
		630		15		578.42		673.02		24
		631		23		578.81		596.02		1
		632		2		578.87		1410.02		21
		633		16		580.83		662.02		16
		634		10		580.86		684.02		7
		635		10		580.86		673.02		4
		636		33		580.86		607.02		2
		637		3		584.68		607.02		2
		638		32		588.02		618.02		1
		639		12		588.02		607.02		2
		640		15		589.38		728.02		3
		641		15		589.44		607.02		0
		642		15		589.48		629.02		4
		643		4		589.91		684.02		11
		644		7		590.72		651.02		6
		645		15		590.86		607.02		0
		646		21		590.86		607.02		1
		647		15		590.91		607.02		0
		648		10		591.64		607.02		1
		649		21		593.26		673.02		4
		650		10		593.26		684.02		16
		651		25		593.4		618.02		3
		652		25		593.49		662.02		6
		653		22		593.74		618.02		3
		654		25		593.84		618.02		2
		655		10		593.86		607.02		0
		656		22		594.57		662.02		5
		657		10		594.73		607.02		1
		658		22		594.92		607.02		1
		659		18		597.61		651.02		3
		660		18		597.61		651.02		4
		661		18		597.61		651.02		6
		662		23		597.69		651.02		6
		663		33		597.82		629.02		3
		664		10		598.26		629.02		2
		665		13		598.32		992.02		70
		666		17		598.5		651.02		3
		667		12		598.66		673.02		8
		668		22		599.02		618.02		2
		669		22		599.02		684.02		2
		670		16		599.02		684.02		3
		671		8		599.02		684.02		7
		672		18		599.02		651.02		3
		673		18		599.02		651.02		13
		674		13		599.02		684.02		8
		675		8		599.02		684.02		7
		676		13		599.02		992.02		65
		677		33		599.32		640.02		4
		678		9		609.51		640.02		3
		679		25		610.02		629.02		1
		680		11		612.76		662.02		4
		681		22		612.82		662.02		3
		682		13		612.83		1124.02		44
		683		13		612.85		629.02		0
		684		10		612.86		673.02		9
		685		33		612.86		640.02		2
		686		23		612.86		662.02		6
		687		23		612.86		651.02		4
		688		23		612.86		651.02		3
		689		23		612.87		651.02		4
		690		28		612.87		651.02		5
		691		28		612.87		651.02		5
		692		28		612.88		651.02		3
		693		23		612.92		629.02		0
		694		23		612.94		651.02		7
		695		8		613.21		706.02		6
		696		28		613.24		640.02		2
		697		28		613.27		629.02		1
		698		29		613.33		640.02		3
		699		29		613.33		651.02		2
		700		29		613.33		629.02		1
		701		29		613.77		640.02		2
		702		30		613.8		651.02		3
		703		10		614.38		662.02		4
		704		13		614.39		629.02		1
		705		32		617.04		629.02		1
		706		15		617.34		629.02		1
		707		30		617.48		629.02		1
		708		21		619.02		640.02		2
		709		25		621.02		651.02		1
		710		32		621.02		640.02		1
		711		8		621.26		662.02		3
		712		22		621.37		651.02		3
		713		17		625.48		684.02		2
		714		29		626.18		640.02		2
		715		30		626.28		640.02		2
		716		30		626.28		640.02		2
		717		30		626.29		640.02		2
		718		27		626.31		651.02		4
		719		27		626.32		662.02		3
		720		27		626.32		651.02		2
		721		27		626.32		651.02		3
		722		27		626.32		651.02		3
		723		22		628.09		640.02		1
		724		28		628.42		640.02		1
		725		27		628.89		640.02		1
		726		21		629.59		640.02		1
		727		25		629.63		651.02		3
		728		27		630.11		684.02		2
		729		21		630.11		651.02		1
		730		31		630.95		651.02		1
		731		16		631.03		651.02		1
		732		10		631.48		673.02		6
		733		15		631.56		662.02		3
		734		15		631.61		662.02		2
		735		28		631.72		651.02		1
		736		33		631.72		651.02		1
		737		15		631.76		662.02		2
		738		32		631.87		651.02		1
		739		32		631.87		651.02		1
		740		32		632.02		706.02		6
		741		13		632.02		662.02		3
		742		29		632.02		717.02		1
		743		30		632.02		761.02		2
		744		31		632.02		728.02		1
		745		31		632.02		783.02		8
		746		31		632.02		750.02		1
		747		31		632.02		717.02		4
		748		31		632.02		717.02		2
		749		19		632.53		651.02		1
		750		23		633.2		662.02		2
		751		19		633.39		673.02		2
		752		31		633.47		651.02		1
		753		30		633.48		651.02		1
		754		19		633.5		651.02		1
		755		30		633.67		651.02		1
		756		19		633.91		651.02		1
		757		12		637.91		673.02		3
		758		9		643.02		673.02		2
		759		3		649.16		970.02		17
		760		31		652.32		673.02		1
		761		31		653.21		673.02		3
		762		20		654.02		695.02		2
		763		15		654.02		706.02		4
		764		20		654.02		805.02		7
		765		7		654.38		673.02		1
		766		17		654.62		673.02		1
		767		22		654.68		673.02		1
		768		16		654.68		684.02		2
		769		10		665.02		717.02		4
		770		31		665.02		717.02		2
		771		31		665.02		706.02		1
		772		11		665.77		695.02		2
		773		4		675.38		695.02		1
		774		13		676.02		761.02		3
		775		10		676.64		717.02		4
		776		31		682.7		706.02		2
		777		13		687.02		970.02		36
		778		4		687.02		1091.02		49
		779		4		687.02		1124.02		33
		780		13		687.02		761.02		4
		781		4		687.21		706.02		0
		782		10		687.87		1135.02		118
		783		10		687.89		1003.02		86
		784		5		687.89		706.02		1
		785		11		688.06		717.02		2
		786		4		688.08		706.02		1
		787		11		688.08		717.02		2
		788		6		688.08		706.02		1
		789		6		688.09		717.02		5
		790		6		688.11		706.02		1
		791		20		688.19		706.02		1
		792		20		688.28		706.02		2
		793		20		688.33		706.02		1
		794		15		688.34		717.02		6
		795		15		688.34		717.02		7
		796		15		688.45		717.02		4
		797		15		688.45		717.02		7
		798		30		688.48		706.02		3
		799		30		688.5		706.02		2
		800		30		688.54		706.02		1
		801		30		688.54		706.02		1
		802		30		688.67		706.02		1
		803		29		688.67		717.02		3
		804		29		688.7		761.02		4
		805		29		688.73		706.02		1
		806		29		688.92		761.02		10
		807		32		688.94		761.02		6
		808		32		689.47		706.02		1
		809		32		689.81		706.02		1
		810		32		689.9		706.02		1
		811		32		689.92		706.02		1
		812		8		689.92		706.02		1
		813		8		689.97		717.02		2
		814		8		689.97		706.02		1
		815		8		690.54		761.02		6
		816		32		690.56		706.02		1
		817		7		691.21		706.02		1
		818		7		691.23		706.02		1
		819		7		691.23		706.02		1
		820		7		691.24		706.02		1
		821		30		694.7		783.02		3
		822		29		695.62		706.02		1
		823		5		697.03		717.02		1
		824		6		698.02		1036.02		25
		825		6		698.02		783.02		6
		826		32		698.02		750.02		1
		827		4		699.22		717.02		1
		828		20		700.65		717.02		1
		829		2		708.74		1223.02		108
		830		4		708.75		728.02		1
		831		31		709.02		849.02		2
		832		29		711.46		728.02		1
		833		6		712.57		761.02		3
		834		8		712.91		750.02		3
		835		31		713.2		739.02		2
		836		29		713.82		761.02		7
		837		8		715.59		728.02		1
		838		4		720.02		937.02		41
		839		8		720.02		805.02		1
		840		6		720.02		816.02		3
		841		10		721.17		1003.02		64
		842		6		721.17		783.02		7
		843		31		721.33		739.02		5
		844		29		721.33		816.02		12
		845		31		721.38		739.02		4
		846		31		721.38		783.02		6
		847		5		721.43		1300.02		167
		848		5		721.43		1498.02		225
		849		5		721.57		1300.02		188
		850		5		721.8		761.02		3
		851		32		721.87		739.02		1
		852		32		722.01		739.02		1
		853		32		722.01		739.02		2
		854		32		722.17		739.02		3
		855		15		722.17		750.02		2
		856		15		722.2		750.02		2
		857		15		722.22		739.02		1
		858		15		722.6		739.02		1
		859		30		722.69		739.02		3
		860		30		722.7		750.02		2
		861		2		722.7		1289.02		73
		862		30		722.7		739.02		3
		863		4		722.7		805.02		9
		864		30		722.7		739.02		1
		865		20		722.71		783.02		11
		866		20		722.8		783.02		10
		867		20		722.8		761.02		4
		868		20		722.81		761.02		4
		869		20		722.81		761.02		7
		870		7		722.85		970.02		90
		871		7		722.86		970.02		63
		872		7		722.86		937.02		65
		873		7		722.9		937.02		44
		874		7		723.03		739.02		1
		875		20		723.11		794.02		8
		876		9		723.14		739.02		2
		877		9		723.14		739.02		2
		878		9		723.28		739.02		2
		879		9		723.28		739.02		1
		880		9		723.3		739.02		1
		881		11		723.31		893.02		29
		882		11		723.31		893.02		32
		883		11		723.31		816.02		18
		884		11		723.33		893.02		26
		885		11		723.33		1003.02		45
		886		18		723.33		739.02		2
		887		18		723.34		761.02		3
		888		18		723.34		739.02		2
		889		8		723.5		739.02		0
		890		18		723.5		739.02		2
		891		18		723.5		739.02		2
		892		16		723.5		761.02		7
		893		16		723.56		739.02		1
		894		16		723.56		761.02		4
		895		16		723.58		783.02		10
		896		16		723.58		761.02		9
		897		17		723.61		761.02		3
		898		17		723.61		761.02		3
		899		17		723.8		739.02		1
		900		17		723.88		750.02		6
		901		17		723.88		739.02		1
		902		22		723.91		739.02		1
		903		22		723.91		739.02		1
		904		22		723.94		761.02		4
		905		8		724.06		739.02		1
		906		22		724.08		761.02		5
		907		22		724.12		761.02		5
		908		27		724.12		783.02		4
		909		31		724.2		739.02		0
		910		27		724.36		750.02		2
		911		27		724.38		739.02		1
		912		27		724.39		761.02		3
		913		27		724.39		739.02		2
		914		12		724.47		739.02		1
		915		12		724.48		761.02		3
		916		12		724.48		739.02		1
		917		12		724.55		739.02		1
		918		12		724.56		739.02		1
		919		19		724.56		739.02		1
		920		19		724.61		739.02		1
		921		22		724.63		739.02		1
		922		19		724.63		739.02		1
		923		19		724.92		739.02		1
		924		17		725.22		739.02		1
		925		19		725.27		739.02		1
		926		17		725.46		739.02		0
		927		6		725.54		772.02		6
		928		21		726.09		739.02		1
		929		29		726.1		739.02		1
		930		21		726.11		739.02		1
		931		21		726.11		739.02		1
		932		21		726.11		739.02		1
		933		25		726.12		739.02		1
		934		25		726.12		739.02		1
		935		25		726.12		739.02		0
		936		25		726.19		739.02		1
		937		29		726.25		739.02		1
		938		32		726.26		739.02		0
		939		25		726.26		739.02		1
		940		26		726.28		750.02		2
		941		32		726.28		739.02		1
		942		7		726.28		893.02		13
		943		26		726.28		750.02		2
		944		26		726.3		739.02		1
		945		7		726.34		970.02		15
		946		26		726.36		739.02		1
		947		26		726.41		739.02		1
		948		30		726.42		739.02		1
		949		30		726.42		739.02		1
		950		33		726.44		739.02		1
		951		26		726.44		739.02		1
		952		33		726.44		739.02		0
		953		16		726.59		772.02		2
		954		16		726.59		750.02		2
		955		33		727.05		739.02		1
		956		11		727.7		739.02		1
		957		11		727.95		739.02		0
		958		4		730.75		761.02		2
		959		8		731.02		761.02		1
		960		29		731.02		805.02		1
		961		31		731.02		772.02		1
		962		33		731.49		761.02		2
		963		6		735.29		750.02		1
		964		7		741.69		882.02		14
		965		7		741.83		783.02		4
		966		7		742.02		937.02		16
		967		8		742.02		783.02		2
		968		29		742.02		992.02		19
		969		29		742.02		783.02		4
		970		11		742.02		783.02		4
		971		11		742.02		783.02		1
		972		31		742.02		816.02		1
		973		31		742.02		783.02		2
		974		16		742.02		849.02		3
		975		31		746.38		783.02		2
		976		22		746.81		761.02		2
		977		31		753.02		805.02		1
		978		5		764.02		1003.02		22
		979		13		765.48		1003.02		33
		980		4		766.61		794.02		2
		981		29		767.94		783.02		2
		982		6		767.96		783.02		1
		983		20		768.26		816.02		6
		984		20		769.65		783.02		1
		985		29		769.65		783.02		1
		986		6		769.65		783.02		1
		987		8		769.65		1003.02		53
		988		8		769.66		816.02		18
		989		8		769.77		816.02		11
		990		8		769.77		816.02		8
		991		30		769.77		783.02		1
		992		30		769.77		783.02		0
		993		30		769.79		783.02		1
		994		30		770.01		783.02		1
		995		30		770.01		783.02		1
		996		22		770.08		783.02		1
		997		16		770.08		783.02		1
		998		22		770.22		783.02		1
		999		22		770.22		783.02		1
		1000		16		770.87		783.02		1
		1001		8		775.25		805.02		2
		1002		29		775.85		794.02		0
		1003		6		775.87		805.02		4
		1004		29		779.94		794.02		1
		1005		7		782.49		805.02		2
		1006		29		785.47		805.02		2
		1007		29		785.47		816.02		2
		1008		20		785.47		849.02		16
		1009		20		785.53		860.02		12
		1010		20		785.79		849.02		7
		1011		6		785.89		816.02		14
		1012		6		785.89		816.02		13
		1013		7		786.02		1157.02		6
		1014		13		786.02		915.02		1
		1015		8		786.02		1069.02		7
		1016		6		786.02		849.02		4
		1017		16		786.02		838.02		1
		1018		16		786.02		816.02		3
		1019		16		786.02		849.02		14
		1020		16		786.02		849.02		10
		1021		31		786.02		849.02		7
		1022		31		786.43		805.02		2
		1023		16		786.53		805.02		1
		1024		31		786.59		816.02		2
		1025		31		786.59		816.02		2
		1026		30		786.78		860.02		16
		1027		30		786.78		860.02		10
		1028		6		786.94		816.02		4
		1029		30		786.94		816.02		2
		1030		6		787.06		816.02		3
		1031		30		787.66		849.02		13
		1032		30		787.74		849.02		11
		1033		30		788.45		816.02		2
		1034		11		790.44		805.02		1
		1035		11		795.6		816.02		3
		1036		22		795.78		816.02		3
		1037		31		796.55		816.02		1
		1038		31		796.72		816.02		1
		1039		20		796.73		816.02		1
		1040		22		796.73		816.02		2
		1041		31		796.73		816.02		1
		1042		22		796.75		816.02		1
		1043		29		796.78		816.02		1
		1044		4		797.02		838.02		5
		1045		22		797.02		827.02		1
		1046		31		797.02		959.02		1
		1047		29		797.02		1014.02		5
		1048		29		797.02		1157.02		3
		1049		22		797.02		827.02		1
		1050		27		797.02		860.02		3
		1051		27		797.02		849.02		4
		1052		27		797.02		849.02		7
		1053		27		797.02		860.02		7
		1054		27		797.02		871.02		6
		1055		17		799.32		849.02		8
		1056		17		799.53		849.02		9
		1057		17		800.42		970.02		20
		1058		17		802.33		816.02		1
		1059		27		808.02		838.02		2
		1060		31		808.02		871.02		1
		1061		20		808.02		926.02		1
		1062		4		808.02		849.02		1
		1063		31		808.02		860.02		2
		1064		8		808.02		926.02		11
		1065		17		810.19		882.02		6
		1066		16		810.2		860.02		4
		1067		17		810.28		827.02		1
		1068		17		818.19		838.02		1
		1069		30		818.65		871.02		5
		1070		31		819.02		893.02		5
		1071		31		819.02		849.02		1
		1072		8		819.02		937.02		13
		1073		11		819.84		882.02		4
		1074		8		821.82		1190.02		77
		1075		8		821.82		1003.02		28
		1076		20		821.83		849.02		5
		1077		7		821.83		893.02		5
		1078		30		821.83		970.02		10
		1079		20		821.85		838.02		1
		1080		6		821.87		1003.02		40
		1081		30		821.87		893.02		2
		1082		6		821.9		860.02		19
		1083		6		821.9		1201.02		70
		1084		22		821.94		838.02		1
		1085		8		822.88		838.02		1
		1086		16		824.13		838.02		1
		1087		16		828.54		860.02		2
		1088		6		829.65		1003.02		53
		1089		22		829.67		849.02		2
		1090		22		830.02		915.02		4
		1091		22		830.02		849.02		1
		1092		22		830.02		849.02		1
		1093		29		830.02		882.02		4
		1094		29		830.02		882.02		4
		1095		29		830.02		882.02		4
		1096		29		830.02		893.02		9
		1097		32		830.02		926.02		9
		1098		32		830.02		926.02		12
		1099		29		830.97		893.02		5
		1100		32		831		849.02		1
		1101		20		831.9		849.02		1
		1102		6		833.09		926.02		8
		1103		8		834.01		849.02		1
		1104		32		834.85		849.02		1
		1105		8		844.32		860.02		2
		1106		4		848.74		871.02		2
		1107		27		848.95		871.02		2
		1108		27		850.99		882.02		3
		1109		6		852.02		893.02		2
		1110		30		852.02		937.02		10
		1111		4		861.77		882.02		1
		1112		8		862.61		882.02		0
		1113		6		862.71		893.02		2
		1114		32		862.74		882.02		1
		1115		11		863.02		926.02		1
		1116		6		863.02		937.02		4
		1117		32		863.02		915.02		1
		1118		4		864.76		926.02		6
		1119		8		870.23		926.02		7
		1120		30		870.32		882.02		1
		1121		32		874.02		937.02		1
		1122		30		874.02		1047.02		10
		1123		30		874.02		937.02		8
		1124		30		874.02		937.02		2
		1125		30		874.02		1047.02		1
		1126		30		874.02		915.02		1
		1127		30		874.02		915.02		1
		1128		4		874.02		1003.02		2
		1129		30		874.02		915.02		1
		1130		22		874.02		970.02		7
		1131		22		874.02		970.02		10
		1132		22		874.02		970.02		8
		1133		22		879.69		904.02		2
		1134		17		881.48		970.02		9
		1135		17		881.72		893.02		1
		1136		8		885.02		937.02		8
		1137		30		890.34		904.02		1
		1138		7		894.8		915.02		0
		1139		32		895.94		915.02		3
		1140		6		895.95		1190.02		66
		1141		6		895.95		1190.02		60
		1142		30		896.02		970.02		2
		1143		30		896.02		1157.02		2
		1144		6		896.02		1025.02		7
		1145		6		896.02		1047.02		6
		1146		17		896.02		970.02		10
		1147		17		896.02		970.02		14
		1148		17		896.02		970.02		12
		1149		11		896.14		1003.02		27
		1150		11		896.16		992.02		25
		1151		11		896.17		992.02		27
		1152		11		896.17		992.02		27
		1153		29		896.21		970.02		19
		1154		29		897.25		970.02		14
		1155		29		897.25		970.02		11
		1156		29		897.67		970.02		13
		1157		29		897.67		992.02		13
		1158		31		897.7		915.02		2
		1159		31		898		937.02		6
		1160		31		898.44		937.02		6
		1161		31		898.44		937.02		7
		1162		31		898.45		937.02		6
		1163		11		898.45		948.02		2
		1164		20		898.49		959.02		6
		1165		20		898.74		915.02		1
		1166		20		899.14		915.02		1
		1167		29		899.58		948.02		4
		1168		20		899.6		970.02		12
		1169		29		899.78		970.02		8
		1170		27		899.83		937.02		4
		1171		27		899.84		937.02		5
		1172		27		899.84		915.02		1
		1173		27		899.94		937.02		3
		1174		27		900.02		915.02		1
		1175		27		900.02		937.02		5
		1176		31		900.69		915.02		1
		1177		16		902.21		992.02		14
		1178		16		902.3		992.02		12
		1179		16		902.31		970.02		9
		1180		16		902.4		1003.02		7
		1181		16		902.42		970.02		10
		1182		18		902.44		937.02		2
		1183		18		902.44		937.02		6
		1184		18		902.48		926.02		5
		1185		18		903.02		915.02		0
		1186		18		903.04		915.02		0
		1187		12		903.04		937.02		2
		1188		12		903.17		926.02		4
		1189		12		903.44		915.02		0
		1190		7		904.39		959.02		6
		1191		12		904.4		915.02		1
		1192		31		904.4		915.02		1
		1193		11		904.46		1124.02		15
		1194		33		904.46		915.02		1
		1195		20		904.77		1124.02		15
		1196		20		904.77		1014.02		13
		1197		33		904.87		915.02		1
		1198		7		905.16		926.02		1
		1199		33		905.73		959.02		4
		1200		33		905.92		926.02		1
		1201		12		906.22		1014.02		13
		1202		22		906.43		926.02		5
		1203		16		906.57		1003.02		9
		1204		30		906.9		926.02		1
		1205		16		907.02		926.02		1
		1206		33		907.02		970.02		7
		1207		17		907.02		992.02		6
		1208		18		907.02		992.02		1
		1209		20		907.02		1003.02		6
		1210		33		907.02		970.02		1
		1211		26		907.02		959.02		3
		1212		22		925.51		959.02		3
		1213		8		929.02		981.02		3
		1214		31		929.02		948.02		2
		1215		27		929.02		970.02		2
		1216		30		929.02		959.02		1
		1217		20		929.02		981.02		3
		1218		20		929.02		970.02		3
		1219		12		929.02		1003.02		10
		1220		12		929.02		1003.02		9
		1221		18		929.02		959.02		1
		1222		11		930.99		970.02		4
		1223		22		931.3		948.02		1
		1224		18		934.83		981.02		5
		1225		4		939.32		1003.02		8
		1226		4		939.34		1080.02		17
		1227		8		939.74		992.02		8
		1228		12		939.96		959.02		1
		1229		16		939.98		970.02		2
		1230		12		940.02		1014.02		3
		1231		30		940.02		1014.02		1
		1232		30		940.02		1080.02		3
		1233		6		940.04		992.02		5
		1234		30		940.82		959.02		1
		1235		8		940.86		959.02		1
		1236		8		941.33		959.02		1
		1237		7		941.45		970.02		2
		1238		7		941.45		992.02		3
		1239		18		941.47		959.02		1
		1240		18		941.47		970.02		2
		1241		33		941.47		970.02		2
		1242		33		941.48		959.02		1
		1243		33		941.48		970.02		2
		1244		27		941.48		970.02		3
		1245		27		941.5		959.02		1
		1246		27		941.51		970.02		2
		1247		27		941.51		970.02		2
		1248		31		941.56		970.02		2
		1249		31		941.58		970.02		2
		1250		31		941.68		959.02		1
		1251		31		941.71		959.02		1
		1252		31		941.71		959.02		1
		1253		26		941.73		959.02		1
		1254		26		941.92		970.02		2
		1255		26		941.95		970.02		2
		1256		26		941.95		970.02		2
		1257		32		942.34		959.02		1
		1258		22		951.02		1014.02		4
		1259		11		959.73		970.02		1
		1260		33		959.95		970.02		0
		1261		12		961.24		1003.02		3
		1262		16		962.02		1388.02		4
		1263		29		962.02		1058.02		4
		1264		6		964.56		981.02		1
		1265		8		965.54		981.02		2
		1266		22		970.6		981.02		1
		1267		4		973.02		1025.02		3
		1268		16		975.06		992.02		3
		1269		30		976.94		992.02		2
		1270		13		976.94		992.02		0
		1271		30		976.94		992.02		2
		1272		20		976.94		992.02		1
		1273		20		981.33		992.02		1
		1274		20		981.34		1003.02		3
		1275		20		981.35		992.02		1
		1276		29		982		992.02		1
		1277		29		982.07		1003.02		1
		1278		11		984.02		1025.02		1
		1279		30		984.02		1003.02		2
		1280		30		984.02		1047.02		2
		1281		6		984.02		1047.02		1
		1282		8		984.02		1025.02		1
		1283		20		984.02		1058.02		1
		1284		8		990.12		1003.02		1
		1285		8		992.7		1003.02		1
		1286		30		995.02		1113.02		3
		1287		6		995.02		1047.02		2
		1288		30		999.12		1014.02		1
		1289		4		1006.02		1025.02		1
		1290		6		1007.98		1190.02		23
		1291		4		1008.01		1025.02		0
		1292		5		1008.08		1564.02		137
		1293		5		1008.09		1498.02		99
		1294		5		1008.09		1201.02		44
		1295		8		1008.27		1201.02		33
		1296		8		1008.27		1190.02		40
		1297		8		1008.73		1190.02		39
		1298		10		1008.77		1201.02		29
		1299		10		1008.77		1135.02		18
		1300		30		1009.93		1047.02		3
		1301		8		1010.19		1025.02		1
		1302		10		1010.52		1135.02		23
		1303		10		1010.86		1135.02		15
		1304		20		1010.86		1102.02		18
		1305		20		1010.86		1102.02		18
		1306		20		1010.87		1102.02		11
		1307		20		1010.87		1069.02		11
		1308		3		1011.01		1025.02		1
		1309		12		1011.55		1069.02		5
		1310		12		1011.61		1069.02		7
		1311		1		1017.02		1091.02		2
		1312		12		1017.02		1080.02		6
		1313		12		1017.02		1069.02		4
		1314		30		1017.02		1058.02		5
		1315		11		1018.35		1146.02		14
		1316		30		1018.97		1036.02		0
		1317		30		1020.56		1047.02		5
		1318		11		1020.84		1058.02		3
		1319		11		1021.04		1135.02		23
		1320		11		1021.04		1113.02		8
		1321		29		1021.12		1058.02		2
		1322		29		1021.12		1069.02		6
		1323		11		1022.24		1036.02		0
		1324		12		1022.85		1036.02		0
		1325		30		1023.34		1047.02		2
		1326		29		1024.32		1069.02		5
		1327		29		1024.39		1036.02		0
		1328		29		1024.4		1058.02		2
		1329		13		1024.41		1135.02		17
		1330		13		1024.42		1135.02		20
		1331		13		1024.46		1190.02		24
		1332		13		1024.46		1113.02		11
		1333		13		1024.59		1113.02		11
		1334		16		1024.65		1058.02		3
		1335		16		1024.68		1036.02		1
		1336		16		1024.86		1036.02		1
		1337		20		1026.27		1102.02		4
		1338		6		1026.29		1047.02		1
		1339		6		1026.3		1047.02		0
		1340		4		1028.02		1113.02		5
		1341		11		1028.02		1069.02		1
		1342		13		1028.02		1102.02		6
		1343		8		1028.02		1058.02		2
		1344		16		1030.08		1047.02		1
		1345		7		1032.05		1069.02		2
		1346		7		1032.7		1047.02		1
		1347		7		1032.76		1047.02		1
		1348		7		1032.94		1047.02		1
		1349		22		1033.04		1047.02		1
		1350		22		1033.14		1047.02		1
		1351		4		1039.02		1080.02		1
		1352		16		1039.02		1135.02		3
		1353		29		1039.02		1091.02		3
		1354		16		1039.5		1058.02		1
		1355		22		1043.44		1058.02		1
		1356		22		1043.47		1058.02		1
		1357		18		1043.47		1069.02		2
		1358		18		1043.47		1058.02		1
		1359		18		1043.47		1058.02		1
		1360		18		1043.47		1102.02		6
		1361		3		1050.02		1894.02		42
		1362		3		1050.02		1399.02		6
		1363		12		1050.02		1102.02		1
		1364		16		1051.28		1069.02		1
		1365		6		1052.79		1113.02		10
		1366		30		1057.9		1069.02		1
		1367		11		1058.42		1069.02		0
		1368		18		1058.43		1091.02		2
		1369		8		1058.43		1223.02		23
		1370		8		1058.48		1223.02		15
		1371		6		1060.26		1080.02		3
		1372		8		1061.02		1124.02		2
		1373		11		1061.02		1157.02		1
		1374		8		1062.64		1080.02		1
		1375		20		1063.21		1080.02		1
		1376		18		1063.25		1080.02		1
		1377		8		1063.25		1245.02		24
		1378		18		1064.34		1080.02		1
		1379		8		1065.08		1113.02		5
		1380		16		1065.22		1080.02		0
		1381		16		1065.67		1080.02		1
		1382		16		1066.9		1091.02		2
		1383		8		1071.49		1091.02		0
		1384		18		1072.02		1146.02		1
		1385		18		1072.02		1091.02		2
		1386		4		1072.02		1377.02		10
		1387		11		1072.02		1212.02		1
		1388		11		1072.02		1157.02		1
		1389		20		1072.02		1168.02		1
		1390		16		1072.02		1113.02		3
		1391		16		1079.07		1135.02		5
		1392		16		1079.26		1102.02		4
		1393		12		1079.26		1091.02		1
		1394		11		1080.18		1091.02		1
		1395		20		1080.57		1091.02		0
		1396		20		1080.92		1102.02		2
		1397		20		1081.39		1102.02		1
		1398		8		1082.36		1102.02		2
		1399		16		1082.7		1102.02		1
		1400		16		1083.02		1300.02		10
		1401		4		1083.02		1399.02		36
		1402		6		1083.02		1223.02		10
		1403		4		1083.02		1113.02		1
		1404		20		1083.02		1102.02		1
		1405		18		1083.02		1223.02		11
		1406		18		1083.59		1102.02		1
		1407		12		1083.6		1102.02		1
		1408		12		1083.82		1102.02		1
		1409		20		1084.38		1113.02		2
		1410		12		1085.45		1102.02		1
		1411		4		1090.73		1102.02		1
		1412		11		1094.02		1190.02		2
		1413		1		1096.46		1190.02		10
		1414		16		1105.02		1190.02		1
		1415		4		1105.02		1190.02		3
		1416		18		1105.02		1168.02		1
		1417		18		1105.02		1212.02		1
		1418		20		1105.02		1201.02		6
		1419		20		1105.02		1146.02		2
		1420		20		1105.61		1124.02		1
		1421		30		1105.67		1124.02		1
		1422		8		1108.22		1135.02		2
		1423		16		1108.73		1135.02		2
		1424		11		1115.79		1135.02		1
		1425		8		1116.02		1256.02		2
		1426		8		1116.02		1267.02		1
		1427		18		1116.02		1179.02		4
		1428		18		1116.77		1135.02		1
		1429		20		1117.61		1135.02		2
		1430		18		1117.73		1135.02		0
		1431		6		1118.7		1146.02		3
		1432		16		1119.94		1135.02		1
		1433		13		1120		1135.02		1
		1434		8		1127.02		1157.02		1
		1435		13		1127.02		1146.02		1
		1436		20		1127.02		1201.02		4
		1437		4		1127.38		1146.02		1
		1438		4		1134.97		1146.02		1
		1439		18		1138.02		1223.02		5
		1440		20		1138.02		1212.02		1
		1441		8		1138.02		1278.02		4
		1442		8		1138.02		1278.02		1
		1443		18		1139.35		1190.02		6
		1444		4		1144.96		1300.02		40
		1445		11		1144.97		1190.02		14
		1446		11		1144.97		1201.02		12
		1447		13		1144.99		1190.02		9
		1448		13		1144.99		1190.02		7
		1449		13		1145.01		1201.02		7
		1450		16		1145.03		1201.02		5
		1451		16		1145.04		1190.02		8
		1452		16		1145.04		1157.02		1
		1453		10		1147.24		1190.02		6
		1454		10		1147.24		1168.02		1
		1455		6		1149.02		1179.02		3
		1456		20		1149.02		1190.02		2
		1457		13		1149.02		1179.02		2
		1458		11		1149.02		1179.02		1
		1459		10		1149.78		1190.02		4
		1460		10		1152.49		1256.02		8
		1461		4		1152.52		1256.02		21
		1462		4		1152.52		1608.02		78
		1463		18		1156.05		1179.02		4
		1464		30		1156.1		1179.02		3
		1465		30		1156.13		1179.02		2
		1466		30		1156.13		1190.02		3
		1467		30		1156.13		1179.02		2
		1468		30		1156.13		1179.02		2
		1469		29		1156.14		1179.02		2
		1470		29		1156.14		1179.02		2
		1471		29		1156.22		1179.02		2
		1472		29		1156.23		1168.02		1
		1473		29		1156.23		1179.02		2
		1474		7		1156.31		1201.02		14
		1475		4		1157.5		1168.02		1
		1476		7		1157.62		1223.02		19
		1477		7		1157.68		1201.02		7
		1478		7		1157.68		1190.02		4
		1479		7		1157.86		1223.02		8
		1480		29		1157.86		1212.02		11
		1481		12		1157.89		1168.02		1
		1482		12		1157.89		1168.02		0
		1483		12		1157.94		1168.02		1
		1484		12		1157.96		1179.02		2
		1485		22		1157.96		1179.02		3
		1486		22		1158.01		1179.02		3
		1487		22		1158.04		1179.02		2
		1488		22		1158.04		1179.02		2
		1489		22		1158.07		1179.02		1
		1490		22		1158.17		1179.02		1
		1491		17		1158.17		1190.02		2
		1492		17		1158.21		1190.02		7
		1493		17		1158.21		1201.02		6
		1494		17		1158.21		1190.02		5
		1495		17		1158.21		1179.02		1
		1496		27		1158.29		1190.02		3
		1497		27		1158.29		1190.02		3
		1498		27		1158.44		1190.02		3
		1499		27		1159.31		1179.02		1
		1500		16		1159.32		1201.02		6
		1501		8		1159.62		1201.02		3
		1502		11		1159.69		1190.02		3
		1503		11		1159.89		1179.02		1
		1504		30		1159.9		1179.02		1
		1505		17		1159.9		1179.02		1
		1506		4		1160.02		1201.02		6
		1507		10		1160.02		1190.02		1
		1508		27		1160.02		1179.02		1
		1509		27		1160.02		1179.02		1
		1510		33		1160.66		1179.02		1
		1511		29		1160.98		1179.02		1
		1512		33		1161.07		1179.02		1
		1513		29		1161.84		1179.02		1
		1514		33		1161.95		1179.02		1
		1515		7		1162.85		1190.02		2
		1516		7		1163.49		1223.02		3
		1517		7		1163.5		1179.02		1
		1518		13		1163.59		1190.02		2
		1519		10		1170.47		1190.02		2
		1520		16		1170.58		1190.02		1
		1521		4		1170.6		1234.02		2
		1522		18		1171.02		1245.02		5
		1523		20		1171.02		1223.02		1
		1524		20		1171.02		1377.02		6
		1525		16		1171.02		1245.02		2
		1526		10		1171.02		1278.02		1
		1527		10		1171.02		1322.02		1
		1528		10		1171.02		1377.02		5
		1529		13		1171.17		1201.02		2
		1530		10		1171.33		1190.02		1
		1531		29		1172.56		1190.02		1
		1532		18		1172.6		1212.02		3
		1533		18		1173.34		1190.02		0
		1534		33		1173.92		1190.02		1
		1535		18		1174.44		1190.02		0
		1536		29		1175.18		1234.02		2
		1537		33		1175.37		1190.02		1
		1538		33		1176.05		1212.02		3
		1539		33		1176.25		1201.02		2
		1540		33		1176.38		1201.02		2
		1541		18		1182.02		1201.02		2
		1542		18		1182.02		1212.02		1
		1543		18		1182.02		1311.02		1
		1544		18		1182.02		1300.02		5
		1545		18		1182.02		1289.02		1
		1546		7		1182.02		1245.02		3
		1547		6		1182.02		1311.02		1
		1548		20		1193.02		1212.02		2
		1549		4		1193.79		1223.02		3
		1550		8		1196.48		1212.02		1
		1551		8		1197.98		1212.02		1
		1552		8		1203.03		1223.02		1
		1553		5		1203.04		1300.02		17
		1554		20		1204.02		1245.02		1
		1555		7		1204.02		1256.02		2
		1556		20		1204.02		1223.02		1
		1557		16		1204.02		1256.02		3
		1558		1		1204.38		1223.02		1
		1559		7		1205.18		1223.02		1
		1560		16		1205.25		1300.02		5
		1561		16		1205.88		1256.02		3
		1562		18		1205.92		1245.02		4
		1563		29		1205.92		1245.02		2
		1564		8		1207.67		1223.02		1
		1565		16		1209.1		1223.02		2
		1566		20		1209.49		1223.02		1
		1567		29		1209.65		1223.02		0
		1568		29		1209.75		1223.02		0
		1569		29		1209.8		1223.02		0
		1570		29		1210.12		1223.02		1
		1571		10		1210.13		1256.02		6
		1572		10		1210.21		1256.02		6
		1573		10		1210.21		1223.02		1
		1574		10		1212.69		1223.02		1
		1575		6		1212.69		1223.02		1
		1576		6		1212.88		1223.02		1
		1577		6		1212.88		1223.02		1
		1578		16		1219.85		1234.02		1
		1579		1		1226.02		1828.02		9
		1580		16		1226.02		1685.02		13
		1581		4		1227.73		1300.02		14
		1582		10		1227.89		1256.02		2
		1583		10		1227.89		1256.02		2
		1584		2		1227.98		1300.02		7
		1585		18		1227.98		1245.02		1
		1586		18		1228.51		1300.02		10
		1587		10		1230.53		1278.02		2
		1588		2		1230.68		1256.02		2
		1589		29		1235.67		1256.02		1
		1590		2		1237.02		1256.02		1
		1591		4		1237.39		1256.02		1
		1592		29		1238.39		1278.02		2
		1593		18		1248.02		1300.02		2
		1594		18		1248.02		1366.02		4
		1595		18		1255.26		1278.02		2
		1596		29		1256.8		1267.02		1
		1597		16		1257.76		1278.02		1
		1598		3		1259.01		1454.02		35
		1599		3		1259.02		1366.02		1
		1600		3		1259.02		1399.02		4
		1601		4		1259.02		1355.02		1
		1602		29		1259.02		1443.02		1
		1603		29		1259.02		1300.02		5
		1604		16		1259.02		1289.02		2
		1605		16		1259.02		1278.02		1
		1606		29		1263.36		1289.02		2
		1607		18		1263.46		1278.02		1
		1608		4		1270.02		1289.02		2
		1609		4		1270.02		1300.02		1
		1610		4		1270.02		1333.02		4
		1611		16		1270.96		1289.02		1
		1612		29		1271.15		1289.02		1
		1613		2		1271.18		1300.02		3
		1614		2		1271.19		1300.02		2
		1615		29		1271.19		1289.02		1
		1616		29		1284.59		1300.02		1
		1617		18		1286.43		1300.02		1
		1618		4		1292.02		1311.02		1
		1619		4		1292.02		1366.02		1
		1620		29		1292.02		1388.02		2
		1621		18		1297.4		1311.02		1
		1622		5		1302.32		1553.02		40
		1623		5		1303.87		1322.02		1
		1624		4		1304.31		1322.02		1
		1625		29		1304.31		1322.02		1
		1626		29		1305.1		1322.02		1
		1627		18		1310.77		1333.02		2
		1628		4		1314.02		1388.02		1
		1629		5		1314.02		1355.02		1
		1630		4		1318.98		1333.02		1
		1631		4		1319.22		1333.02		1
		1632		5		1324.67		1388.02		5
		1633		4		1325		1366.02		4
		1634		18		1329.01		1377.02		6
		1635		18		1330.25		1377.02		5
		1636		29		1330.25		1377.02		5
		1637		5		1335.35		1597.02		26
		1638		4		1335.67		1388.02		6
		1639		18		1335.67		1388.02		4
		1640		5		1335.67		1399.02		11
		1641		29		1335.94		1377.02		4
		1642		16		1336.02		1366.02		3
		1643		16		1336.02		1377.02		3
		1644		16		1336.02		1388.02		7
		1645		18		1336.89		1355.02		0
		1646		3		1338.2		1355.02		1
		1647		16		1339.62		1377.02		4
		1648		10		1339.63		1377.02		6
		1649		10		1339.72		1355.02		1
		1650		10		1339.72		1377.02		6
		1651		10		1339.9		1355.02		1
		1652		10		1339.94		1377.02		5
		1653		20		1340.24		1355.02		1
		1654		20		1340.25		1355.02		1
		1655		20		1340.26		1377.02		5
		1656		20		1340.26		1377.02		6
		1657		20		1340.32		1377.02		5
		1658		2		1340.32		1388.02		5
		1659		2		1340.43		1355.02		1
		1660		18		1342.07		1377.02		7
		1661		18		1342.09		1355.02		1
		1662		2		1342.54		1498.02		25
		1663		2		1343.06		1377.02		9
		1664		2		1343.19		1377.02		9
		1665		2		1343.19		1388.02		5
		1666		29		1345.3		1432.02		7
		1667		2		1347.02		1388.02		6
		1668		5		1348.73		1366.02		1
		1669		29		1348.9		1388.02		2
		1670		1		1349.12		1817.02		143
		1671		1		1349.14		1817.02		144
		1672		1		1349.76		1828.02		86
		1673		20		1353.34		1366.02		1
		1674		1		1353.34		1608.02		38
		1675		6		1353.37		1377.02		3
		1676		1		1353.39		1817.02		164
		1677		6		1353.39		1366.02		1
		1678		6		1353.39		1388.02		3
		1679		6		1353.4		1377.02		3
		1680		6		1353.4		1377.02		3
		1681		8		1353.4		1388.02		3
		1682		8		1353.4		1377.02		2
		1683		29		1354.62		1366.02		1
		1684		8		1354.62		1366.02		1
		1685		8		1354.67		1366.02		1
		1686		7		1354.68		1366.02		1
		1687		7		1355.41		1366.02		1
		1688		4		1357.24		1388.02		2
		1689		18		1357.54		1377.02		1
		1690		5		1358.02		1388.02		1
		1691		29		1358.02		1685.02		6
		1692		16		1358.02		1476.02		9
		1693		2		1358.02		1487.02		23
		1694		8		1358.02		1498.02		24
		1695		20		1358.02		1784.02		108
		1696		20		1358.02		1806.02		79
		1697		10		1358.02		1553.02		42
		1698		10		1358.02		1454.02		5
		1699		7		1358.16		1377.02		1
		1700		16		1377.17		1388.02		1
		1701		29		1380.02		1487.02		5
		1702		3		1381.19		1399.02		1
		1703		5		1381.74		1399.02		1
		1704		3		1391.33		1410.02		1
		1705		5		1396.58		1410.02		1
		1706		10		1396.93		1531.02		15
		1707		10		1402.02		1443.02		2
		1708		29		1402.02		1520.02		7
		1709		3		1402.02		1564.02		22
		1710		10		1407.62		1421.02		0
		1711		3		1409.14		1421.02		1
		1712		5		1409.19		1454.02		4
		1713		10		1409.39		1608.02		26
		1714		10		1409.83		1608.02		18
		1715		29		1409.84		1531.02		7
		1716		29		1411.16		1597.02		17
		1717		3		1411.34		1432.02		0
		1718		29		1411.34		1498.02		8
		1719		29		1411.45		1498.02		12
		1720		29		1411.51		1465.02		7
		1721		2		1413.02		1454.02		7
		1722		2		1414.09		1487.02		14
		1723		4		1414.88		1608.02		30
		1724		2		1414.93		1432.02		1
		1725		20		1414.93		1784.02		73
		1726		20		1414.96		1454.02		9
		1727		20		1414.98		1454.02		4
		1728		4		1415.78		1608.02		41
		1729		4		1415.8		1674.02		39
		1730		8		1415.8		1454.02		2
		1731		20		1415.84		1454.02		7
		1732		8		1415.84		1498.02		13
		1733		8		1415.85		1487.02		14
		1734		8		1415.85		1454.02		2
		1735		29		1415.85		1454.02		5
		1736		16		1415.85		1487.02		18
		1737		16		1415.89		1487.02		19
		1738		16		1415.91		1498.02		21
		1739		16		1415.91		1817.02		98
		1740		16		1416.32		1487.02		24
		1741		6		1416.32		1597.02		32
		1742		6		1416.45		1586.02		23
		1743		6		1416.46		1597.02		59
		1744		6		1416.48		1597.02		45
		1745		6		1416.48		1575.02		28
		1746		18		1416.49		1498.02		14
		1747		18		1416.52		1487.02		12
		1748		18		1416.62		1432.02		1
		1749		18		1416.63		1498.02		15
		1750		18		1416.63		1498.02		13
		1751		7		1416.63		1531.02		34
		1752		7		1416.63		1531.02		24
		1753		7		1416.65		1498.02		21
		1754		7		1416.66		1498.02		20
		1755		7		1416.66		1454.02		6
		1756		33		1416.66		1498.02		6
		1757		33		1416.66		1454.02		5
		1758		4		1416.69		1443.02		2
		1759		33		1416.79		1443.02		3
		1760		33		1416.8		1443.02		3
		1761		33		1416.8		1432.02		2
		1762		33		1416.8		1432.02		2
		1763		11		1416.8		1542.02		32
		1764		11		1416.83		1531.02		23
		1765		11		1416.83		1531.02		34
		1766		11		1416.83		1542.02		27
		1767		8		1416.84		1553.02		4
		1768		11		1416.84		1454.02		2
		1769		13		1416.85		1454.02		8
		1770		13		1418.62		1487.02		10
		1771		13		1418.63		1454.02		7
		1772		29		1418.77		1432.02		0
		1773		5		1418.77		1619.02		13
		1774		5		1420.27		1630.02		20
		1775		18		1420.28		1487.02		2
		1776		18		1420.5		1432.02		0
		1777		7		1420.52		1597.02		19
		1778		7		1420.77		1531.02		12
		1779		11		1420.79		1685.02		41
		1780		11		1421.04		1674.02		15
		1781		13		1421.33		1443.02		2
		1782		13		1421.5		1432.02		1
		1783		17		1421.86		1465.02		3
		1784		17		1422.25		1817.02		27
		1785		17		1422.25		1817.02		43
		1786		17		1422.42		1443.02		1
		1787		17		1422.44		1850.02		46
		1788		17		1422.46		1465.02		3
		1789		17		1423.79		1443.02		1
		1790		27		1424.02		1465.02		1
		1791		27		1424.02		1443.02		1
		1792		27		1424.02		1465.02		1
		1793		10		1424.02		1454.02		1
		1794		27		1424.02		1498.02		2
		1795		30		1424.02		1487.02		3
		1796		30		1424.14		1443.02		1
		1797		30		1424.66		1443.02		1
		1798		17		1426.08		1443.02		1
		1799		30		1427.6		1443.02		1
		1800		22		1430.58		1454.02		2
		1801		2		1435.02		1487.02		4
		1802		27		1435.02		1520.02		15
		1803		30		1435.02		1454.02		1
		1804		2		1435.02		1498.02		1
		1805		29		1435.02		1498.02		6
		1806		29		1435.02		1498.02		1
		1807		13		1435.02		1531.02		2
		1808		18		1435.02		1454.02		1
		1809		13		1435.55		1531.02		5
		1810		18		1436.16		1454.02		1
		1811		13		1436.7		1553.02		3
		1812		3		1437.86		1498.02		7
		1813		3		1438.77		1465.02		2
		1814		7		1438.99		1454.02		1
		1815		4		1446.02		1674.02		20
		1816		11		1446.02		1487.02		3
		1817		6		1446.02		1685.02		5
		1818		27		1448.95		1487.02		3
		1819		5		1456.52		1520.02		2
		1820		5		1456.88		1476.02		2
		1821		5		1456.93		1476.02		2
		1822		5		1457.02		1487.02		5
		1823		5		1457.02		1487.02		1
		1824		27		1457.02		1487.02		2
		1825		27		1457.02		1509.02		3
		1826		27		1457.16		1476.02		1
		1827		27		1458.16		1487.02		2
		1828		11		1460.26		1487.02		2
		1829		2		1462.6		1487.02		2
		1830		18		1462.71		1487.02		4
		1831		8		1462.74		1476.02		0
		1832		8		1462.81		1487.02		5
		1833		7		1462.81		1531.02		14
		1834		11		1464.47		1498.02		7
		1835		27		1466.44		1487.02		1
		1836		10		1467.47		1553.02		17
		1837		10		1467.47		1553.02		22
		1838		10		1467.48		1553.02		34
		1839		13		1467.52		1487.02		1
		1840		13		1467.53		1487.02		1
		1841		13		1467.58		1487.02		1
		1842		29		1467.59		1487.02		1
		1843		29		1467.59		1487.02		1
		1844		20		1467.61		1817.02		57
		1845		20		1467.61		1806.02		73
		1846		27		1467.68		1498.02		2
		1847		20		1467.75		1784.02		51
		1848		27		1467.75		1498.02		2
		1849		30		1467.78		1487.02		1
		1850		30		1467.78		1487.02		1
		1851		30		1467.82		1487.02		1
		1852		30		1467.82		1487.02		1
		1853		33		1467.83		1487.02		1
		1854		33		1467.83		1498.02		2
		1855		33		1467.84		1487.02		1
		1856		33		1467.84		1487.02		1
		1857		17		1467.85		1817.02		96
		1858		17		1467.86		1817.02		102
		1859		17		1467.86		1608.02		16
		1860		17		1467.9		1817.02		93
		1861		3		1467.91		1817.02		114
		1862		3		1467.93		1817.02		139
		1863		3		1467.93		1817.02		72
		1864		3		1467.94		1817.02		90
		1865		7		1467.94		1487.02		1
		1866		29		1468.02		1531.02		8
		1867		27		1468.02		1509.02		2
		1868		17		1468.02		1729.02		14
		1869		17		1468.02		1817.02		34
		1870		17		1468.02		1850.02		25
		1871		17		1468.02		1696.02		24
		1872		30		1468.02		1564.02		4
		1873		7		1468.02		1498.02		1
		1874		27		1468.02		1531.02		2
		1875		30		1468.04		1487.02		1
		1876		22		1468.04		1487.02		1
		1877		3		1468.06		1828.02		93
		1878		22		1468.07		1498.02		3
		1879		22		1468.07		1674.02		31
		1880		22		1468.07		1498.02		4
		1881		12		1468.08		1487.02		1
		1882		33		1468.09		1487.02		1
		1883		12		1468.1		1487.02		1
		1884		12		1468.14		1487.02		1
		1885		22		1468.31		1498.02		3
		1886		12		1468.36		1487.02		1
		1887		26		1468.37		1542.02		10
		1888		26		1468.37		1531.02		5
		1889		26		1468.51		1542.02		9
		1890		26		1468.54		1553.02		8
		1891		33		1468.56		1487.02		1
		1892		26		1468.56		1498.02		3
		1893		31		1468.62		1487.02		1
		1894		31		1468.64		1487.02		1
		1895		31		1468.69		1487.02		1
		1896		31		1468.69		1487.02		1
		1897		31		1468.74		1487.02		1
		1898		32		1468.77		1487.02		1
		1899		26		1468.77		1608.02		5
		1900		32		1468.82		1487.02		1
		1901		32		1468.82		1487.02		1
		1902		32		1468.84		1487.02		1
		1903		32		1468.85		1487.02		1
		1904		15		1468.85		1487.02		1
		1905		15		1468.85		1487.02		1
		1906		15		1468.85		1487.02		1
		1907		15		1468.89		1487.02		1
		1908		15		1468.9		1487.02		1
		1909		26		1469.34		1487.02		0
		1910		9		1469.4		1498.02		2
		1911		9		1469.57		1487.02		1
		1912		9		1469.6		1487.02		1
		1913		9		1469.6		1487.02		1
		1914		9		1469.62		1487.02		1
		1915		25		1469.62		1487.02		1
		1916		25		1469.69		1487.02		1
		1917		25		1469.7		1487.02		1
		1918		25		1469.79		1487.02		1
		1919		25		1469.93		1487.02		1
		1920		21		1469.94		1663.02		35
		1921		21		1469.94		1564.02		12
		1922		21		1469.94		1663.02		41
		1923		21		1469.97		1575.02		11
		1924		21		1470.73		1509.02		4
		1925		19		1472.12		1487.02		1
		1926		3		1473.09		1487.02		1
		1927		19		1474.38		1487.02		1
		1928		30		1476.21		1487.02		1
		1929		27		1479.02		1520.02		5
		1930		26		1479.02		1564.02		1
		1931		33		1479.02		1608.02		1
		1932		10		1479.02		1542.02		3
		1933		22		1479.02		1564.02		1
		1934		21		1479.02		1652.02		13
		1935		5		1479.02		1542.02		2
		1936		8		1479.02		1498.02		1
		1937		5		1479.02		1531.02		1
		1938		26		1490.02		1762.02		6
		1939		26		1490.02		1762.02		6
		1940		29		1490.02		1553.02		3
		1941		3		1496.47		1509.02		1
		1942		11		1499.74		1520.02		1
		1943		29		1500.8		1520.02		1
		1944		26		1501.02		1531.02		1
		1945		3		1501.02		1916.02		22
		1946		26		1501.02		1586.02		2
		1947		29		1501.02		1575.02		2
		1948		5		1501.02		1531.02		1
		1949		11		1501.02		1597.02		1
		1950		11		1501.02		1619.02		1
		1951		7		1501.02		1531.02		3
		1952		7		1501.83		1531.02		3
		1953		13		1502.38		1520.02		1
		1954		13		1502.51		1520.02		1
		1955		13		1502.72		1520.02		1
		1956		27		1505.94		1520.02		1
		1957		13		1512.02		1597.02		3
		1958		21		1512.02		1553.02		1
		1959		5		1512.02		1553.02		3
		1960		22		1512.02		1597.02		9
		1961		22		1512.02		1674.02		25
		1962		22		1512.02		1575.02		4
		1963		22		1512.02		1575.02		4
		1964		27		1512.02		1674.02		12
		1965		27		1512.02		1608.02		9
		1966		16		1512.02		1575.02		8
		1967		27		1512.15		1531.02		1
		1968		16		1512.15		1597.02		13
		1969		16		1512.17		1597.02		23
		1970		16		1512.21		1597.02		11
		1971		30		1512.21		1531.02		1
		1972		27		1512.92		1531.02		1
		1973		16		1513.37		1531.02		1
		1974		30		1513.37		1531.02		1
		1975		30		1513.61		1531.02		1
		1976		30		1513.61		1531.02		1
		1977		30		1514.57		1553.02		3
		1978		22		1520.81		1564.02		6
		1979		11		1522.33		1542.02		1
		1980		16		1523.02		1553.02		3
		1981		5		1528.83		1542.02		1
		1982		27		1532.27		1674.02		14
		1983		5		1533.56		1553.02		3
		1984		10		1534.02		1575.02		1
		1985		27		1534.7		1553.02		1
		1986		26		1535.11		1553.02		1
		1987		16		1535.38		1553.02		2
		1988		26		1538.94		1553.02		1
		1989		10		1538.96		1553.02		0
		1990		10		1539.22		1553.02		0
		1991		11		1539.75		1553.02		1
		1992		27		1545.02		1597.02		6
		1993		26		1545.02		1586.02		1
		1994		11		1545.02		1586.02		1
		1995		11		1546.69		1564.02		1
		1996		29		1546.71		1564.02		1
		1997		11		1556.02		1674.02		7
		1998		11		1556.02		1696.02		5
		1999		3		1556.02		1718.02		1
		2000		21		1556.02		1586.02		2
		2001		11		1557.54		1575.02		3
		2002		11		1558.05		1586.02		3
		2003		27		1558.07		1575.02		1
		2004		26		1558.14		1575.02		1
		2005		26		1561.29		1586.02		2
		2006		29		1565.54		1586.02		1
		2007		11		1567.02		1630.02		6
		2008		27		1567.02		1685.02		1
		2009		27		1567.02		1597.02		3
		2010		29		1567.02		1729.02		8
		2011		16		1567.27		1597.02		2
		2012		11		1567.48		1586.02		1
		2013		21		1568.68		1586.02		1
		2014		22		1572.97		1586.02		2
		2015		27		1576.1		1608.02		2
		2016		21		1578.02		1674.02		15
		2017		6		1578.02		1663.02		9
		2018		27		1578.02		1652.02		11
		2019		16		1578.02		1817.02		38
		2020		11		1578.02		1652.02		10
		2021		26		1578.11		1597.02		1
		2022		3		1589.02		1839.02		2
		2023		16		1589.02		1861.02		4
		2024		6		1589.98		1608.02		1
		2025		21		1591.5		1608.02		1
		2026		21		1591.59		1630.02		5
		2027		22		1593.79		1608.02		1
		2028		22		1593.88		1608.02		1
		2029		22		1600.02		1685.02		4
		2030		22		1600.02		1674.02		9
		2031		22		1600.02		1630.02		1
		2032		22		1600.02		1630.02		1
		2033		22		1600.02		1674.02		1
		2034		11		1600.02		1674.02		5
		2035		11		1600.02		1674.02		5
		2036		11		1600.02		1663.02		9
		2037		11		1600.02		1663.02		5
		2038		11		1600.02		1663.02		5
		2039		27		1600.02		1850.02		5
		2040		27		1600.02		1740.02		2
		2041		27		1600.02		1905.02		8
		2042		11		1600.02		1641.02		2
		2043		27		1606.45		1630.02		2
		2044		11		1608.84		1641.02		3
		2045		11		1611.02		1652.02		1
		2046		1		1611.02		1696.02		17
		2047		11		1611.02		1696.02		1
		2048		21		1611.02		1663.02		6
		2049		17		1611.03		1817.02		30
		2050		22		1611.12		1674.02		12
		2051		22		1611.26		1674.02		11
		2052		16		1611.38		1806.02		32
		2053		16		1611.62		1806.02		30
		2054		29		1611.66		1685.02		8
		2055		29		1611.66		1674.02		8
		2056		27		1611.74		1663.02		7
		2057		29		1611.74		1685.02		6
		2058		4		1611.83		1652.02		8
		2059		16		1611.94		1630.02		2
		2060		22		1611.95		1630.02		2
		2061		4		1612.12		1652.02		3
		2062		11		1612.28		1630.02		1
		2063		4		1612.35		1652.02		3
		2064		6		1612.98		1663.02		3
		2065		6		1614.3		1652.02		8
		2066		6		1616.35		1630.02		1
		2067		6		1617.48		1674.02		5
		2068		5		1620.23		1674.02		4
		2069		5		1620.28		1641.02		1
		2070		5		1620.94		1652.02		3
		2071		11		1622.01		1762.02		2
		2072		29		1622.02		1652.02		1
		2073		11		1622.02		1762.02		13
		2074		6		1622.02		1916.02		4
		2075		6		1622.02		1685.02		1
		2076		5		1622.02		1696.02		1
		2077		26		1622.02		1674.02		1
		2078		26		1622.02		1718.02		7
		2079		26		1622.02		1674.02		6
		2080		26		1622.02		1663.02		3
		2081		26		1622.02		1674.02		6
		2082		10		1622.02		1663.02		1
		2083		10		1623.68		1652.02		4
		2084		10		1623.77		1652.02		3
		2085		10		1623.78		1652.02		3
		2086		10		1624.47		1652.02		2
		2087		33		1624.52		1663.02		2
		2088		21		1638.28		1652.02		1
		2089		16		1638.97		1652.02		1
		2090		26		1639.32		1652.02		0
		2091		11		1639.34		1652.02		0
		2092		6		1639.46		1674.02		3
		2093		27		1639.46		1663.02		3
		2094		33		1639.51		1652.02		1
		2095		33		1639.54		1652.02		0
		2096		33		1639.56		1652.02		1
		2097		11		1641.84		1652.02		1
		2098		22		1643.14		1663.02		2
		2099		33		1643.14		1663.02		1
		2100		11		1643.28		1663.02		1
		2101		5		1644.02		1817.02		22
		2102		13		1644.02		1729.02		2
		2103		13		1644.18		1663.02		1
		2104		29		1654.56		1696.02		5
		2105		26		1655.02		1696.02		1
		2106		16		1655.02		1817.02		15
		2107		16		1655.02		1817.02		27
		2108		16		1655.02		1817.02		21
		2109		16		1655.02		1828.02		4
		2110		27		1655.02		1839.02		5
		2111		26		1656.61		1674.02		1
		2112		27		1659.53		1685.02		2
		2113		26		1665.49		1685.02		2
		2114		22		1665.81		1685.02		1
		2115		26		1666.02		1707.02		1
		2116		22		1666.02		1817.02		2
		2117		22		1666.02		1718.02		3
		2118		22		1666.02		1718.02		2
		2119		5		1673.09		1685.02		1
		2120		29		1677.02		1806.02		9
		2121		22		1677.02		1740.02		4
		2122		5		1682.69		1696.02		1
		2123		5		1683.45		1696.02		1
		2124		5		1687.28		1729.02		4
		2125		29		1687.7		1718.02		2
		2126		5		1687.99		1707.02		1
		2127		5		1688.02		1817.02		30
		2128		29		1688.02		1729.02		1
		2129		29		1688.02		1718.02		2
		2130		26		1688.02		1718.02		1
		2131		26		1688.02		1729.02		1
		2132		26		1688.02		1806.02		8
		2133		13		1688.28		1817.02		26
		2134		13		1688.28		1817.02		34
		2135		13		1688.32		1817.02		22
		2136		13		1688.32		1806.02		20
		2137		22		1688.62		1729.02		3
		2138		22		1688.62		1718.02		2
		2139		22		1688.83		1729.02		6
		2140		11		1697.03		1718.02		1
		2141		17		1701.16		1718.02		1
		2142		22		1701.18		1718.02		1
		2143		1		1701.86		1718.02		2
		2144		17		1701.96		1718.02		2
		2145		5		1702.25		1828.02		43
		2146		5		1702.29		1817.02		32
		2147		5		1702.32		1828.02		27
		2148		11		1702.43		1784.02		10
		2149		11		1702.46		1784.02		13
		2150		11		1702.46		1729.02		3
		2151		16		1702.53		1806.02		12
		2152		11		1702.53		1751.02		9
		2153		27		1702.53		1729.02		3
		2154		27		1702.56		1729.02		2
		2155		27		1702.56		1718.02		1
		2156		27		1702.6		1718.02		1
		2157		27		1702.69		1718.02		1
		2158		27		1702.74		1817.02		3
		2159		27		1702.85		1718.02		0
		2160		13		1703.12		1806.02		9
		2161		29		1710.02		1839.02		13
		2162		5		1710.02		1839.02		7
		2163		1		1712.79		1729.02		1
		2164		6		1714.96		1729.02		1
		2165		6		1718.13		1729.02		1
		2166		1		1719.33		1740.02		1
		2167		3		1721.02		1861.02		10
		2168		17		1721.02		1773.02		3
		2169		17		1721.02		1806.02		2
		2170		11		1721.02		1784.02		3
		2171		29		1721.02		1762.02		2
		2172		1		1723.59		1806.02		12
		2173		13		1733.7		1751.02		2
		2174		1		1734.71		1751.02		1
		2175		5		1736.48		1751.02		1
		2176		29		1737.3		1751.02		1
		2177		29		1737.34		1751.02		1
		2178		26		1737.34		1817.02		6
		2179		17		1742.49		1762.02		0
		2180		29		1743.02		1828.02		9
		2181		29		1743.02		1817.02		3
		2182		1		1743.02		1850.02		8
		2183		26		1743.02		1806.02		3
		2184		26		1743.02		0		0
		2185		29		1743.41		1762.02		1
		2186		27		1748.65		1762.02		1
		2187		11		1750.17		1773.02		2
		2188		11		1751.86		1762.02		1
		2189		5		1754.02		1795.02		1
		2190		13		1756.28		1806.02		8
		2191		11		1756.45		1817.02		6
		2192		29		1756.45		1817.02		5
		2193		29		1758.24		1817.02		9
		2194		27		1758.46		1806.02		6
		2195		27		1758.52		1806.02		6
		2196		27		1758.52		1806.02		7
		2197		22		1758.66		1806.02		6
		2198		22		1759.05		1817.02		6
		2199		22		1759.05		1806.02		6
		2200		22		1759.19		1806.02		5
		2201		11		1759.43		1773.02		0
		2202		1		1760.46		1817.02		2
		2203		27		1760.81		1773.02		0
		2204		27		1761.01		1773.02		0
		2205		22		1761.41		1773.02		0
		2206		6		1761.86		1773.02		0
		2207		6		1761.87		1828.02		8
		2208		6		1761.93		1817.02		7
		2209		22		1762.12		1773.02		0
		2210		22		1763.21		1817.02		6
		2211		22		1763.29		1817.02		8
		2212		22		1763.34		1828.02		2
		2213		1		1763.42		1784.02		1
		2214		6		1763.79		1817.02		12
		2215		4		1763.88		1817.02		20
		2216		22		1763.88		1817.02		3
		2217		4		1763.96		1817.02		8
		2218		17		1764.16		1828.02		5
		2219		22		1764.16		1784.02		1
		2220		5		1765.02		1894.02		5
		2221		26		1765.02		1894.02		3
		2222		26		1765.02		1894.02		1
		2223		6		1765.05		1784.02		2
		2224		6		1765.74		1784.02		1
		2225		27		1770.78		1784.02		3
		2226		4		1771.02		1817.02		19
		2227		4		1771.04		1828.02		15
		2228		4		1771.11		1817.02		13
		2229		4		1771.16		1817.02		15
		2230		29		1771.2		1784.02		1
		2231		21		1771.2		1784.02		1
		2232		21		1771.25		1784.02		1
		2233		21		1771.26		1784.02		1
		2234		21		1771.26		1784.02		1
		2235		21		1771.3		1784.02		2
		2236		33		1771.3		1784.02		2
		2237		33		1771.32		1784.02		0
		2238		33		1771.32		1784.02		1
		2239		33		1771.49		1784.02		1
		2240		33		1771.56		1784.02		1
		2241		33		1771.58		1784.02		1
		2242		27		1771.84		1828.02		4
		2243		10		1771.86		1784.02		1
		2244		10		1771.86		1784.02		1
		2245		10		1771.86		1784.02		1
		2246		10		1771.87		1784.02		1
		2247		10		1771.98		1784.02		1
		2248		7		1771.98		1817.02		6
		2249		7		1772.04		1817.02		6
		2250		7		1772.04		1817.02		20
		2251		7		1772.06		1817.02		5
		2252		7		1772.06		1817.02		11
		2253		7		1772.08		1817.02		9
		2254		30		1772.09		1806.02		6
		2255		30		1772.34		1806.02		4
		2256		30		1773.01		1784.02		1
		2257		30		1773.26		1784.02		1
		2258		8		1773.29		1784.02		1
		2259		8		1773.29		1784.02		1
		2260		8		1773.32		1784.02		1
		2261		8		1773.35		1784.02		1
		2262		8		1773.74		1784.02		1
		2263		18		1773.74		1784.02		0
		2264		18		1773.8		1828.02		4
		2265		18		1773.8		1817.02		7
		2266		18		1773.81		1784.02		0
		2267		18		1773.88		1784.02		0
		2268		18		1774		1784.02		1
		2269		9		1774.04		1806.02		6
		2270		9		1774.08		1817.02		6
		2271		9		1774.32		1817.02		6
		2272		9		1774.65		1817.02		4
		2273		2		1774.8		1817.02		4
		2274		2		1774.92		1806.02		3
		2275		27		1775.45		1817.02		3
		2276		9		1775.45		1817.02		3
		2277		22		1776.02		1795.02		1
		2278		22		1776.02		1905.02		2
		2279		17		1776.02		1916.02		2
		2280		33		1776.02		0		0
		2281		29		1776.55		1828.02		6
		2282		6		1776.6		1806.02		3
		2283		29		1777.42		1850.02		3
		2284		27		1777.49		1817.02		2
		2285		27		1779.16		1795.02		1
		2286		29		1783.31		1905.02		2
		2287		30		1783.46		1905.02		2
		2288		30		1786.6		1806.02		1
		2289		6		1787.02		1828.02		1
		2290		6		1787.02		1828.02		1
		2291		30		1787.02		1817.02		3
		2292		30		1787.02		1817.02		1
		2293		30		1787.02		1817.02		1
		2294		30		1787.02		0		0
		2295		30		1787.23		1817.02		3
		2296		30		1788.28		1806.02		1
		2297		20		1788.36		1850.02		2
		2298		20		1788.39		1806.02		2
		2299		20		1788.45		1817.02		3
		2300		2		1788.73		1817.02		4
		2301		18		1788.81		1817.02		6
		2302		27		1788.82		1806.02		1
		2303		20		1788.82		1817.02		2
		2304		18		1788.85		1817.02		5
		2305		18		1788.9		1828.02		5
		2306		18		1788.9		1817.02		3
		2307		29		1789.35		1806.02		1
		2308		2		1789.41		1806.02		1
		2309		1		1789.43		1927.02		2
		2310		11		1789.44		1806.02		1
		2311		2		1789.48		1817.02		2
		2312		11		1789.48		1828.02		4
		2313		11		1789.54		1817.02		2
		2314		11		1789.54		1828.02		7
		2315		11		1789.8		1927.02		2
		2316		33		1790.37		1806.02		1
		2317		33		1790.41		1806.02		1
		2318		33		1790.44		1806.02		1
		2319		33		1790.44		1806.02		1
		2320		33		1790.47		1806.02		1
		2321		21		1790.49		1806.02		2
		2322		21		1790.49		1817.02		2
		2323		21		1790.62		1806.02		1
		2324		21		1790.64		1828.02		2
		2325		21		1790.66		1817.02		2
		2326		21		1790.67		1806.02		1
		2327		10		1790.67		1806.02		1
		2328		10		1790.7		1806.02		1
		2329		27		1791.19		1806.02		1
		2330		27		1791.33		1806.02		1
		2331		33		1791.7		1817.02		3
		2332		33		1791.74		1806.02		1
		2333		33		1791.89		1806.02		1
		2334		33		1792.59		1806.02		1
		2335		10		1792.8		1806.02		1
		2336		33		1792.82		1806.02		0
		2337		20		1798.02		0		0
		2338		5		1798.02		1817.02		1
		2339		17		1809.02		0		0
		2340		1		1809.02		0		0
		2341		5		1820.02		0		0
		2342		26		1831.02		0		0
		2343		26		1864.02		0		0
		2344		26		1897.02		0		0
=========== CONTAINER OUTPUT ==========
Number of Containers Created: 2344
Number of Containers Destroyed: 2334
Number of Requests Served: 21739
Average Number of Vms under Load: 12.16362959360889
Total Number of Vms used: 33
Average CPU Utilization of Vms: 0.4981168021125534
Average Workload Usage: 6.434525877040639E-4
Number of SLO Violations: 5919
Number of Cold Start Executions: 1817
